rangeBinInde
"[15, -7, 5, 5, -13, -7, 24, 56, 108, -202, -458, 197, 565, 96, -262, -140, 223, -22, -236, -189, 22, 807, 1688, -2060, -3727, 169, -1948, 392, 5110, 10985, 7081, -17620, -16632, 6971, 12417, 5163, -3199, -7963, -1753, 3560, 991, -107, -141, -90, 263, 245, 14, -514, -345, 461, 552, -235, -506, -140, 186, 341, 35, -364, -277, 359, 413, -25, -119, -276, -169, 160, 120, 53, 49, -86, -93, 44, 129, -113, -322, 76, 345, 188, -112, -317, -106, 252, 233, -61, -133, -140, -39, 126, 108, -47, -163, -21, 166, 121, -34, -174, -142, 8, 50, 259, 230, -215, -276, -71, 108, 235, 102, -294, -379, 254, 568, 1, -378, -278, 8, 189, 1, 32, 120, 109, 13, -287, -130, 213, 60, -63]"
"[-22, 14, 17, 11, 2, -3, -4, 42, 173, -135, -503, 16, 515, 307, -200, -263, 212, 65, -215, -248, -25, 846, 1907, -2046, -4089, 31, -1210, 290, 3311, 10812, 9077, -16036, -17212, 4493, 11424, 7048, -1816, -8450, -2371, 3242, 1001, 101, -64, -133, 188, 231, 64, -455, -403, 336, 546, -18, -409, -307, 88, 397, 131, -329, -318, 264, 440, -57, -327, -170, 88, 235, 80, -80, -1, -91, -99, 68, 110, -82, -255, 52, 276, 182, -92, -271, -22, 229, 146, -125, -118, -94, -55, 140, 107, -73, -120, 46, 114, 15, -8, -34, -67, -108, -70, 263, 293, -156, -262, -117, 51, 222, 119, -230, -352, 201, 528, 33, -330, -294, -27, 175, 1, 58, 145, 84, -43, -274, -88, 245, 86, -99]"
"[5, 24, 22, -16, -18, -8, -29, 66, 260, -83, -546, -198, 392, 560, -42, -406, 104, 159, -137, -293, -138, 892, 2342, -1897, -4574, -754, -1185, 1325, 3515, 10030, 8817, -15439, -16860, 4098, 11054, 7214, -1545, -8350, -2355, 3032, 835, 167, 51, -62, 177, 89, -12, -352, -399, 292, 624, 122, -356, -494, -52, 401, 143, -202, -184, 235, 302, -227, -326, 107, 230, 33, -82, -67, 39, 19, -31, -6, 37, -74, -205, 80, 257, 135, -114, -236, 8, 239, 167, -183, -230, -63, 61, 202, 85, -138, -124, 27, 61, 69, 77, -38, -107, -127, -58, 240, 273, -106, -237, -174, 5, 262, 170, -225, -369, 170, 506, 58, -282, -283, -34, 125, -71, 74, 219, 167, -11, -373, -145, 255, 95, -91]"
"[30, 35, 2, -34, -7, 4, -41, 35, 258, 67, -333, -506, -61, 702, 233, -330, 41, 196, -27, -400, -356, 900, 2715, -1549, -4605, -1759, -2226, 2198, 4877, 10374, 8185, -16457, -16737, 5067, 11307, 6323, -2091, -7869, -2016, 2942, 738, 199, 75, -48, 233, 29, -88, -325, -392, 297, 704, 134, -443, -603, -162, 541, 387, -58, -89, -160, -194, -108, 67, 407, 194, -301, -226, 58, 189, 41, -159, -72, 135, 6, -242, 45, 333, 101, -238, -303, -11, 380, 241, -207, -220, -53, 50, 134, 50, -58, -31, -8, 10, 3, 14, -19, -85, -55, -22, 217, 282, -126, -262, -178, 10, 259, 142, -203, -310, 161, 429, 36, -224, -225, -54, 63, -74, 126, 248, 125, -71, -368, -91, 295, 72, -162]"
"[-12, -21, -2, 28, 22, -12, -58, -1, 210, 166, -143, -595, -295, 655, 364, -233, -38, 150, 34, -358, -490, 818, 3013, -1070, -4479, -3113, -3993, 3986, 8437, 10014, 4950, -18504, -15529, 8081, 11831, 3949, -3222, -6795, -1382, 2800, 659, 231, 68, -140, 178, 64, -35, -267, -348, 240, 639, 72, -507, -514, -80, 627, 538, -183, -322, -332, -251, 264, 365, 220, 4, -366, -223, 163, 262, -55, -292, 2, 228, -5, -257, 90, 380, 11, -320, -247, 69, 342, 149, -187, -115, -39, -55, 82, 115, 26, -30, -40, 51, -43, -103, -26, -27, 25, -3, 165, 229, -120, -218, -111, 70, 182, 34, -217, -251, 247, 453, -46, -289, -218, -33, 108, -48, 108, 250, 93, -126, -323, 14, 265, -48, -190]"
"[-25, 6, 26, 9, -16, -10, -20, 15, 165, 169, -4, -602, -482, 554, 450, -103, -90, 83, 62, -296, -562, 720, 3169, -614, -4233, -4372, -5801, 5747, 11993, 9704, 1958, -20532, -14345, 10795, 11942, 1590, -4060, -5487, -971, 2543, 733, 417, 130, -335, 48, 44, -41, -155, -196, 225, 488, -108, -536, -245, 77, 508, 476, -217, -411, -347, -177, 453, 468, 6, -155, -324, -173, 222, 223, -106, -204, 122, 200, -173, -272, 187, 359, -52, -293, -158, 80, 259, 126, -160, -122, -37, -34, 87, 98, -11, -67, 12, 138, -18, -132, -126, -59, 114, 48, 112, 162, -139, -218, -7, 147, 77, -76, -136, -119, 228, 382, -109, -307, -160, -6, 112, -19, 107, 221, 14, -169, -223, 76, 188, -115, -130]"
"[7, 48, 25, -35, -25, 15, -18, -17, 70, 253, 284, -573, -720, 271, 459, 151, -78, -3, 86, -250, -645, 643, 3228, -259, -3960, -5275, -7493, 7380, 16038, 9348, -1682, -23108, -13101, 13800, 11759, -348, -4335, -4507, -891, 2485, 1022, 469, 54, -545, -35, 144, 29, -142, -148, 148, 325, -119, -448, -135, 67, 472, 539, -236, -535, -376, -35, 588, 425, -225, -260, -184, -92, 239, 211, -105, -122, 86, 72, -219, -227, 301, 392, -118, -305, -133, 86, 214, 89, -115, -50, -34, -84, 14, 72, 51, -54, 19, 177, -12, -157, -176, -73, 159, 84, 80, 111, -113, -134, -9, 77, 6, -106, -47, -38, 231, 369, -184, -369, -118, 45, 140, 11, 83, 166, -49, -165, -103, 127, 77, -184, -77]"
"[-2, 16, 13, -16, -25, 23, 4, -13, 70, 232, 236, -576, -681, 336, 466, 102, -66, 6, 67, -277, -688, 624, 3218, -60, -3973, -5785, -7730, 9186, 18387, 6504, -5905, -21850, -9455, 14609, 9755, -2195, -4278, -2972, -425, 2428, 1315, 156, -289, -746, -92, 400, 175, -137, -80, 18, 76, -143, -297, 67, 84, 365, 592, -266, -673, -381, 120, 631, 277, -312, -212, -105, -82, 266, 252, -180, -194, 84, 81, -155, -193, 286, 417, -120, -333, -202, 30, 292, 185, -134, -146, -76, -15, 96, 53, -21, -54, 24, 130, 19, -70, -137, -79, 67, 31, 83, 93, -35, -45, -74, -41, 30, 1, -9, -65, 151, 318, -136, -314, -138, -8, 168, 87, 59, 72, -81, -123, -12, 155, 13, -219, -71]"
"[-6, 9, 0, 5, 9, 8, -35, -16, 84, 254, 279, -579, -738, 280, 482, 163, -87, -17, 106, -240, -774, 490, 3166, 512, -3378, -6496, -8020, 9734, 18134, 5057, -6452, -19651, -7709, 13240, 7900, -2716, -3944, -1487, 283, 1988, 1112, -268, -551, -496, 101, 447, 193, -208, -132, -83, -47, 31, -93, 51, 69, 296, 498, -376, -706, -162, 271, 446, 61, -218, -59, -49, -49, 194, 170, -236, -221, 169, 159, -128, -194, 179, 344, -50, -235, -192, -24, 197, 151, -53, -116, -69, -4, 81, 73, -22, -102, 17, 177, 11, -152, -101, 28, 73, -16, 52, 134, -38, -114, -139, -74, 167, 133, -80, -205, 130, 417, -47, -355, -230, 38, 228, 22, -19, 81, 36, -34, -79, 50, -32, -209, 16]"
"[-7, 32, 16, -18, -15, 12, 5, -23, -78, 235, 552, -307, -759, -218, 248, 450, 45, -74, 60, -186, -699, 450, 3056, 615, -3061, -6331, -7269, 8502, 14852, 5208, -4100, -16573, -5846, 10544, 4849, -3796, -3452, 1170, 1570, 969, 317, -586, -357, -236, 19, 343, 240, -96, -133, -316, -245, 324, 258, -29, -100, 151, 426, -303, -600, -86, 187, 286, 72, 1, 26, -191, -111, 183, 134, -141, -83, 105, 21, -171, -150, 238, 340, -57, -254, -218, -29, 247, 167, -40, -67, -62, 0, -26, -32, 66, -15, -3, 140, 37, -103, -145, -40, 65, -7, 117, 181, -81, -132, -121, -83, 122, 157, -11, -224, 2, 333, 118, -152, -263, -78, 45, -83, 154, 195, 43, 14, -119, -16, -94, -232, 63]"
"[30, 1, -23, -17, -8, 25, 43, -23, -198, 138, 619, 28, -531, -602, -60, 552, 167, -58, 8, -182, -703, 402, 2947, 995, -1913, -6663, -8821, 6354, 12588, 9267, 1187, -17031, -8088, 8073, 4252, -3360, -3347, 2697, 2324, -446, -352, 95, -109, -629, -148, 642, 437, -201, -313, -421, -260, 566, 480, -92, -188, -6, 326, -276, -593, 59, 253, 205, 102, 50, 19, -323, -274, 245, 341, -3, -198, -143, 58, 92, -86, -58, 76, 165, 56, -174, -128, 41, 52, 85, 92, -1, -41, -186, -108, 140, 14, 42, 201, 15, -126, -196, -80, 87, 7, 125, 176, -62, -124, -116, -45, 115, 129, -26, -212, -51, 216, 213, 101, -236, -312, -211, -60, 506, 323, -176, -92, -21, 83, -146, -340, 18]"
"[-44, -23, 3, 45, 11, -17, 24, -7, -249, 43, 557, 375, -102, -901, -506, 476, 316, 104, -31, -233, -705, 235, 2445, 1670, -499, -6993, -10077, 5630, 12300, 10765, 4191, -16593, -9382, 2159, -1415, 2744, 3969, 2602, -742, -3062, -145, 1303, -167, -516, 280, 572, 244, -479, -490, -77, 243, 334, -104, -261, 0, 412, 485, -469, -727, -52, 240, 413, 159, -138, -7, -114, -224, 20, 232, 163, -74, -174, 36, 36, -108, -75, 11, 204, 132, -187, -226, 87, 188, 92, 9, -77, -14, -100, -61, 88, -46, -46, 113, 173, 52, -207, -122, -16, -34, 127, 80, -45, -12, 51, -1, -93, 78, 115, -151, -252, -2, 371, 307, -205, -394, -273, -19, 560, 347, -229, -142, 6, 145, -210, -453, 94]"
"[-27, 9, 22, 14, -15, 0, 71, 24, -227, -201, 52, 712, 713, -633, -747, -204, 114, 425, 108, -257, -757, 131, 1968, 2119, 375, -5677, -4442, 3373, 1418, 1740, 3706, 446, -1073, -4585, -3270, 2382, 2441, 799, -751, -709, 510, 410, -282, -478, 101, 483, 266, -358, -358, -53, 210, 102, -309, -163, 100, 563, 523, -538, -681, -37, 233, 327, 47, -133, 68, -8, -188, -98, 108, 211, 83, -150, -109, -52, -19, 37, -61, 100, 178, -17, -121, -103, 11, 128, 75, -47, -54, -81, 3, 134, 22, -142, -2, 101, -49, -88, 32, 84, 0, -28, 5, -4, 13, -18, -90, 4, 171, 109, -149, -264, -6, 305, 212, -135, -216, -243, -162, 339, 252, 93, 190, -186, -247, -268, -220, 356]"
"[-36, 23, 47, 29, 0, -38, -1, 71, 135, -268, -706, 178, 809, 687, 140, -958, -481, 260, 185, -102, -757, 29, 1747, 2372, 2262, -5692, -8322, -1906, -2052, 13698, 16482, -4322, -7651, -10243, -5854, 5296, 4408, 3169, 313, -2795, -832, 569, 162, -125, -49, 292, 309, -112, -141, -395, -425, 306, 350, 157, -11, 40, 300, -306, -476, -56, 95, 217, 32, 49, 167, -95, -270, -101, 166, 331, 150, -379, -328, 111, 205, 49, -149, -51, 100, 129, 17, -152, -80, 115, 84, -56, -49, 22, 65, -9, -104, -55, 96, 131, -16, -146, -69, 43, 40, 109, 104, -138, -194, -10, 85, 174, 139, -125, -186, -92, 31, 152, 99, 9, -7, -260, -308, 184, 236, 284, 320, -344, -519, -194, 56, 516]"
"[8, 37, 4, -28, 2, 16, -50, 36, 308, 29, -424, -642, -392, 1098, 1077, -302, -463, -389, -26, 1, -711, 48, 1679, 2308, 1870, -6008, -9236, 831, 3903, 11998, 11497, -8427, -9041, -8000, -5693, 9118, 8208, 331, -2402, -3074, -422, 1096, 339, 41, 32, 26, 143, -54, -90, -457, -530, 504, 547, 125, 59, -128, 14, -341, -406, 138, 203, 188, -14, -33, 147, -26, -144, -99, 40, 127, 75, -63, -47, -86, -105, 6, -60, 150, 225, 112, 48, -355, -311, 176, 209, 80, -1, -97, -11, 13, -87, -29, 131, 125, -33, -182, -108, 43, 53, 168, 111, -164, -127, 55, 66, -11, 60, 8, -198, -119, 151, 260, 108, -182, -189, -195, -133, 281, 155, 114, 255, -218, -444, -126, 174, 448]"
"[-16, 14, 23, 21, 4, -17, -51, 34, 242, 153, -13, -765, -946, 731, 1112, 292, -226, -546, -43, -28, -699, -79, 1384, 2398, 2079, -6027, -10036, 2673, 9266, 9679, 5328, -12178, -11688, -3175, 51, 12413, 7975, -4866, -3966, -2108, -78, 1861, 464, -658, -265, 382, 458, -117, -479, -521, -77, 830, 369, -412, -39, 188, 12, -435, -377, 312, 314, 98, -1, -89, 47, -121, -253, 35, 203, 205, 60, -237, -165, -4, -41, 90, 77, 108, 100, -116, -129, -41, 52, 92, -56, -53, 82, 59, -27, -66, -70, 32, 167, 75, -80, -201, -96, 82, 27, 115, 102, -85, -72, -1, 8, 42, 135, -99, -352, 16, 377, 199, -93, -280, -169, -8, -5, 225, 140, 31, 97, -240, -306, 116, 251, 123]"
"[-37, 15, 29, 11, -17, 11, 26, -22, -95, 206, 675, -266, -1066, -539, 313, 1105, 348, -496, -142, -137, -622, -3, 1392, 2090, 1618, -5634, -8950, 2874, 8483, 8373, 4783, -12021, -13372, 46, 6313, 10976, 3718, -8498, -5013, 1161, 2086, 1499, -567, -1273, -87, 919, 584, -417, -599, -240, 130, 540, 187, -327, -99, 150, 85, -266, -328, 211, 295, 147, 58, -180, -75, -118, -218, 100, 194, 186, 95, -179, -107, -100, -187, 105, 202, 216, 172, -248, -341, -158, 75, 404, 130, -217, -57, 47, 74, -69, -209, -8, 213, 165, -38, -228, -144, 52, 74, 191, 145, -204, -250, 52, 248, 117, -73, -280, -239, 184, 258, 123, 62, -156, -204, -179, -71, 307, 186, 42, 84, -270, -288, 156, 247, 39]"
"[-19, 20, 9, -6, 0, 18, 11, -38, -188, 153, 703, 119, -609, -985, -297, 1060, 565, -215, -120, -273, -648, -33, 1169, 2251, 2458, -5561, -10694, 1250, 9186, 13235, 7856, -17644, -17963, 2722, 9550, 10384, 1474, -8734, -3478, 2136, 1388, 228, -625, -299, 243, 504, 263, -325, -312, -87, 0, 221, 179, -19, -13, -101, -94, -141, -181, 258, 286, 63, -13, -211, -117, 49, 9, 86, 146, -45, -103, -101, -41, 25, -81, 70, 121, 119, 173, -128, -300, -224, 57, 444, 176, -269, -127, 29, 39, 3, -108, 14, 168, 94, -11, -165, -149, -36, 7, 271, 230, -215, -284, 61, 310, 36, -192, -276, -297, 297, 502, 183, -34, -405, -310, -33, 33, 322, 178, -53, -70, -152, 48, 199, 13, -267]"
"[-3, -7, -11, 1, -3, 20, 45, -7, -218, -13, 467, 461, 4, -1087, -747, 708, 576, 106, -33, -331, -644, -150, 759, 2433, 3180, -5497, -11741, 1974, 12973, 11934, 1627, -20159, -15092, 10325, 13069, 3018, -4385, -6244, -245, 2986, 679, -544, -535, -41, 345, 356, 119, -319, -224, -54, -82, 158, 209, 135, 48, -284, -199, 37, 5, 139, 87, -10, 31, -31, -51, -46, -3, 93, 95, -79, -84, -16, -9, -39, -138, 138, 273, 77, -42, -241, -207, 71, 179, 165, -3, -177, -72, 46, 80, 12, -161, -26, 217, 151, -39, -243, -159, 22, 2, 247, 235, -164, -189, 35, 179, -108, -228, -49, -154, 219, 443, 144, -22, -400, -380, -31, 108, 378, 138, -105, -18, -84, 52, 58, -90, -158]"
"[-32, 5, 6, 16, 8, 9, 39, -2, -192, -111, 188, 627, 513, -929, -946, 240, 423, 352, 81, -313, -628, -161, 734, 2220, 2580, -5159, -10312, 3209, 13360, 8222, -1998, -17278, -11335, 10299, 10995, 1948, -3467, -5110, -310, 2154, 461, -357, -530, 106, 509, 301, 29, -445, -321, 84, 94, 196, 173, -44, -136, -210, 14, 234, -24, -168, -6, 191, 155, -119, -175, -64, 59, 146, 33, -114, -25, 68, -1, -152, -191, 216, 340, 22, -146, -253, -149, 182, 205, 52, -31, -105, -46, -7, 59, 42, -98, -71, 92, 136, 33, -171, -165, 17, 71, 183, 111, -185, -155, 129, 227, -161, -328, -42, -16, 332, 418, -73, -124, -238, -227, -100, -67, 323, 221, 66, 37, -220, -36, 66, -90, -71]"
"[-25, 41, 47, -13, -41, -8, 61, 46, -154, -187, 21, 663, 715, -779, -968, 18, 341, 417, 87, -277, -532, -241, 328, 2217, 2971, -4608, -9921, 2749, 12946, 7646, -2292, -16321, -10683, 9212, 9645, 3009, -1851, -5210, -1136, 1598, 629, 56, -505, -85, 437, 356, 84, -411, -330, 7, 47, 286, 281, -76, -198, -261, 11, 288, 7, -202, -38, 183, 122, -81, -73, -47, -41, 62, 104, -7, -52, -55, -39, -52, -142, 190, 364, 26, -198, -319, -152, 280, 244, -4, -62, -84, -49, -18, 93, 90, -110, -164, 35, 206, 87, -123, -108, -91, -92, 210, 238, -59, -128, -8, 179, -103, -285, -113, -99, 361, 437, -55, -103, -192, -181, -160, -126, 302, 205, 111, 61, -199, 23, 48, -154, -161]"
"[-3, 12, 11, -19, -26, 18, 68, 17, -187, -155, 115, 648, 595, -865, -958, 158, 403, 372, 77, -285, -463, -326, -99, 2212, 3565, -4110, -10426, 1950, 13330, 8792, -1730, -17239, -11387, 8381, 8829, 4470, -572, -5532, -1654, 1326, 724, 253, -499, -205, 403, 375, 65, -348, -276, -50, -27, 331, 363, -51, -194, -336, -49, 295, 16, -179, -42, 203, 165, -93, -97, -79, -56, 64, 89, 39, 5, -53, -39, -112, -203, 189, 363, 104, -85, -360, -271, 180, 226, 145, 17, -131, -49, -15, 63, 45, -84, -135, -24, 185, 142, -102, -171, -59, 69, 189, 83, -208, -220, 167, 343, -8, -191, -288, -262, 294, 413, 72, -44, -179, -160, -197, -133, 308, 217, 54, -45, -181, 83, 179, -46, -277]"
"[-6, -5, 7, 15, -4, -16, 35, 32, -171, -154, 103, 658, 618, -860, -944, 130, 360, 362, 79, -257, -394, -362, -353, 2142, 4026, -3721, -11098, 764, 13079, 11221, 543, -18773, -13199, 7140, 8279, 6185, 554, -5893, -2058, 1083, 668, 447, -342, -270, 304, 360, 108, -326, -302, -86, -36, 365, 380, -32, -146, -373, -130, 288, 81, -167, -134, 181, 236, -9, -91, -145, -58, 55, 22, 46, 83, -13, -67, -140, -161, 132, 224, 141, 14, -235, -167, 16, 49, 166, 82, -82, -53, -19, 64, 50, -54, -119, -13, 104, 34, -67, -94, 8, 64, 151, 151, -212, -322, 60, 307, 183, -9, -374, -407, 205, 394, 193, 44, -203, -212, -239, -111, 371, 239, -21, -115, -166, 105, 235, -19, -300]"
"[-32, -3, 18, 27, -6, -23, 33, 41, -154, -155, 93, 640, 621, -854, -970, 131, 397, 382, 75, -274, -311, -426, -723, 2087, 4603, -3156, -11596, -805, 12210, 13840, 3366, -20058, -15176, 5653, 7821, 7969, 1593, -6337, -2437, 943, 643, 527, -294, -251, 330, 342, 69, -334, -306, -87, -26, 399, 353, -49, -80, -334, -160, 225, 92, -151, -191, 149, 281, 94, -77, -259, -89, 133, 32, -3, 99, 57, -51, -262, -261, 242, 358, 115, -79, -293, -154, 89, 73, 126, 50, -62, -16, -20, 24, 27, -36, -44, 45, 48, 19, -94, -188, -14, 131, 263, 165, -281, -346, 21, 239, 276, 119, -355, -410, 92, 305, 205, 38, -145, -156, -215, -102, 313, 206, -5, -92, -184, 59, 259, 24, -295]"
"[-24, 26, 30, 1, -22, -5, 47, 24, -183, -129, 193, 610, 462, -936, -926, 307, 462, 304, 42, -285, -259, -426, -892, 1956, 4856, -2620, -11554, -2484, 10093, 16394, 7448, -20374, -17423, 3085, 7220, 10138, 2655, -6892, -2860, 901, 699, 596, -264, -320, 265, 388, 130, -323, -335, -128, -32, 416, 324, -25, 17, -310, -232, 126, 101, -34, -137, 59, 204, 123, -44, -263, -102, 167, 73, -51, 25, 75, 20, -200, -243, 111, 229, 217, 78, -294, -248, 23, 108, 203, 43, -128, -7, 5, -10, 9, -15, -17, 38, 12, -19, -42, -94, -29, 41, 215, 205, -202, -323, -52, 151, 306, 206, -285, -387, 7, 246, 184, 32, -90, -141, -232, -81, 341, 200, -63, -134, -152, 102, 291, 31, -326]"
"[25, 36, -2, -46, -29, 36, 59, 6, -212, -79, 342, 556, 246, -1025, -833, 484, 479, 199, 17, -268, -234, -422, -972, 1909, 5008, -2201, -10901, -4009, 6722, 17803, 11978, -18587, -19215, -615, 6821, 12362, 3080, -7623, -2914, 1090, 562, 488, -231, -197, 334, 383, 95, -356, -296, -179, -160, 484, 422, -16, 42, -276, -265, -16, 59, 98, -82, 17, 182, 132, -9, -270, -141, 158, 110, -46, -20, 56, 24, -190, -233, 157, 239, 172, 86, -270, -257, -6, 105, 227, 51, -148, -12, 13, -12, 2, -47, -26, 64, 109, 78, -143, -201, -67, 0, 272, 277, -130, -283, -163, 64, 328, 236, -269, -409, 7, 275, 227, 58, -133, -149, -265, -155, 373, 298, -26, -181, -246, 64, 381, 104, -371]"
"[-2, -4, 0, -3, -18, 14, 58, 13, -188, -128, 168, 607, 504, -883, -905, 227, 419, 320, 48, -288, -217, -422, -1028, 1859, 5215, -1960, -11099, -5068, 5836, 19421, 13488, -19250, -19950, -460, 7424, 11936, 2288, -7673, -2595, 1618, 706, 71, -460, -85, 408, 425, 129, -357, -283, -259, -257, 560, 517, -77, -91, -199, -86, 28, 19, -43, -140, 41, 151, 199, 103, -303, -284, 136, 246, 55, -110, -81, 97, -33, -238, -1, 216, 218, 0, -262, -113, 83, 49, 47, -29, -13, 88, 0, -35, -2, -28, -106, -22, 183, 127, -139, -176, -52, -2, 204, 218, -66, -210, -184, 22, 321, 245, -248, -396, -12, 278, 235, 31, -173, -161, -198, -110, 359, 281, -57, -174, -232, 44, 358, 102, -325]"
"[-16, -2, 3, 7, -16, 13, 76, 23, -176, -194, 26, 648, 669, -740, -886, 34, 324, 367, 88, -263, -273, -412, -824, 1959, 5137, -2218, -10798, -5198, 4605, 18894, 13639, -17010, -17460, -2280, 4045, 11643, 4473, -6089, -3213, 392, 773, 424, -525, -182, 399, 533, 189, -445, -371, -233, -197, 661, 588, -261, -293, -70, 116, 49, -43, -133, -154, 48, 99, 234, 179, -278, -326, 57, 214, 189, 71, -194, -107, -77, -181, 55, 147, 273, 164, -254, -233, -40, 101, 229, 35, -250, -144, 165, 203, 41, -73, -232, -74, 199, 86, -126, -137, 50, 97, 124, 107, -109, -117, -117, -83, 175, 215, -23, -203, -138, 106, 182, 45, -75, -93, -208, -143, 322, 293, -40, -186, -237, 50, 353, 53, -318]"
"[7, -4, -4, -3, 3, 12, 43, 3, -166, -163, 19, 644, 715, -737, -929, -9, 320, 410, 111, -278, -386, -383, -435, 2146, 4865, -2735, -10324, -5310, 2457, 18749, 15745, -14458, -16782, -5783, 1299, 13631, 7180, -6165, -4550, -422, 1017, 998, -465, -440, 290, 685, 285, -512, -368, -236, -297, 616, 669, -219, -442, -41, 348, 91, -187, -306, -207, 214, 262, 211, 59, -384, -298, 181, 250, 98, -2, -176, -84, 9, -63, -36, -25, 228, 215, -117, -167, -129, -6, 236, 112, -185, -131, 91, 127, 27, -75, -129, 15, 174, 76, -162, -159, 3, 45, 188, 159, -97, -80, -146, -164, 109, 199, 102, -124, -165, 113, 150, -8, -86, -54, -180, -166, 303, 311, -21, -181, -273, 5, 376, 100, -308]"
"[1, 32, 17, -30, -37, 18, 67, 39, -141, -189, 1, 603, 652, -686, -849, 11, 304, 363, 82, -262, -360, -323, -292, 2092, 4590, -2767, -9508, -5274, 938, 17615, 16116, -11875, -15229, -7908, -909, 14320, 8929, -5693, -5247, -1287, 978, 1518, -270, -605, 121, 706, 423, -453, -402, -365, -406, 697, 828, -205, -589, -134, 374, 241, -81, -318, -195, 62, 92, 289, 204, -319, -335, 92, 230, 126, -3, -124, -15, -64, -161, 0, 78, 217, 120, -170, -170, -29, 87, 224, 107, -266, -236, 99, 186, 123, -12, -225, -114, 156, 134, -60, -135, -57, 26, 193, 148, -120, -89, -78, -110, 53, 139, 125, -76, -161, 95, 137, -12, -94, -63, -150, -140, 271, 263, -3, -147, -253, 27, 347, 54, -318]"
"[16, -3, -7, -18, -21, 6, 42, 42, -135, -157, 62, 588, 584, -738, -826, 83, 307, 319, 66, -268, -528, -116, 669, 2072, 3226, -3864, -8533, -3447, 295, 15234, 15286, -9016, -12494, -9385, -3717, 13526, 10250, -3843, -5195, -2578, 649, 1935, -58, -725, -74, 706, 531, -350, -398, -436, -423, 683, 853, -180, -645, -206, 364, 333, -21, -337, -226, -1, 35, 381, 326, -360, -460, 73, 320, 176, -60, -173, 13, -13, -119, -30, 19, 179, 140, -134, -187, -41, 69, 233, 160, -222, -262, 6, 163, 199, -4, -231, -64, 176, 142, -117, -177, -81, -6, 222, 151, -87, -29, -59, -112, -27, 62, 131, -41, -80, 116, 96, 1, -107, -88, -149, -158, 251, 297, 68, -143, -370, -70, 430, 143, -277]"
"[7, -19, -25, 2, 1, 37, 77, 8, -162, -201, -38, 634, 719, -629, -818, -68, 247, 348, 42, -242, -535, 235, 1849, 1221, 280, -4231, -5799, -810, -419, 11707, 13590, -6420, -9241, -9371, -6103, 10838, 10362, -916, -4321, -3904, 107, 2252, 286, -794, -284, 564, 496, -204, -274, -359, -397, 432, 682, 4, -522, -262, 295, 363, 44, -316, -223, -72, -53, 417, 448, -307, -550, -55, 354, 331, -60, -322, -29, 135, 5, -139, -171, 164, 274, 30, -130, -222, -88, 204, 153, -43, -111, -67, 67, 153, 35, -166, -68, 75, 69, -36, -134, -81, 18, 276, 212, -197, -153, -33, -14, 20, 15, 15, -111, 44, 232, 74, -44, -156, -91, -115, -154, 216, 258, 117, -65, -384, -140, 423, 214, -260]"
"[0, 10, 13, 3, -4, -7, 29, 32, -94, -179, -106, 565, 731, -513, -755, -145, 188, 355, 71, -212, -394, 485, 2315, -108, -2439, -2966, -2268, 697, -1086, 8349, 11035, -4818, -6082, -7612, -7185, 7006, 8989, 1882, -2837, -4424, -333, 2059, 419, -765, -422, 507, 499, -126, -200, -269, -328, 175, 435, 210, -254, -321, 111, 307, 97, -190, -132, -159, -192, 387, 511, -212, -533, -111, 360, 332, -114, -390, -61, 263, 72, -161, -120, 142, 180, -3, -49, -188, -171, 168, 192, 12, -78, -114, -14, 138, 59, -97, -11, 52, 24, -71, -81, -45, -29, 187, 151, -123, -87, 63, 68, -124, -96, 58, -73, 34, 210, 99, -15, -155, -94, -135, -178, 210, 262, 138, -46, -382, -168, 392, 213, -206]"
"[-22, 18, 20, 3, -19, 8, 67, 25, -134, -209, -106, 616, 778, -532, -791, -169, 203, 377, 27, -222, -30, 673, 1741, -1638, -3734, -142, 713, -62, -1756, 6913, 9189, -4858, -4669, -5429, -6779, 4393, 7412, 3090, -1898, -4238, -460, 1873, 527, -796, -581, 461, 566, -40, -223, -232, -167, 33, 135, 282, 30, -258, -23, 171, 67, -130, -57, -117, -274, 295, 552, -57, -426, -246, 187, 317, -22, -262, -38, 181, 77, -189, -204, 142, 206, 53, -26, -173, -96, 110, 61, -49, -38, 9, -24, 72, 92, -10, 43, -44, -66, -103, -118, 26, 35, 206, 147, -158, -113, 69, 100, -93, -74, 35, -98, -11, 173, 134, 16, -117, -77, -185, -191, 258, 296, 66, -116, -336, -112, 399, 199, -235]"
"[-17, 42, 40, -16, -37, -2, 60, 39, -118, -207, -105, 615, 786, -554, -828, -169, 211, 396, 56, -178, 354, 444, 145, -2304, -2532, 2888, 1988, -3314, -3798, 8015, 10174, -4884, -5091, -4996, -5846, 3651, 6253, 3143, -1457, -3942, -577, 1865, 705, -803, -695, 390, 610, 25, -256, -235, -35, -10, -101, 246, 190, -112, -29, 91, 68, -191, -137, -35, -159, 276, 452, -110, -387, -165, 158, 260, 19, -177, 14, 78, -46, -211, -173, 283, 285, -47, -73, -128, -84, 23, -17, 59, 74, 6, -56, 30, 134, -19, -58, -96, -45, 27, -64, -28, 45, 214, 110, -228, -136, 163, 159, -142, -131, 26, -113, 55, 306, 109, -103, -213, -75, -103, -192, 267, 343, 58, -147, -351, -101, 392, 191, -209]"
"[27, -1, -15, -28, -14, 38, 64, -4, -176, -143, 76, 595, 573, -711, -782, 60, 272, 292, 39, -161, 502, 113, -1256, -1804, 69, 3991, 656, -6232, -4713, 10424, 11800, -5532, -6074, -5176, -5173, 3700, 5686, 2882, -1423, -3648, -440, 1884, 596, -890, -582, 558, 623, -214, -423, -45, 228, -55, -321, 90, 213, 108, 75, 21, 11, -248, -149, 56, -82, 196, 364, -103, -369, -123, 208, 247, -21, -233, -18, 119, -55, -189, -93, 304, 239, -123, -80, -89, -78, 58, 19, -11, 9, 77, 25, -13, 86, -49, -122, -84, -7, 136, 32, -90, -17, 134, 78, -145, -82, 108, 95, -122, -99, 30, -110, 91, 334, 26, -183, -139, 7, -104, -194, 229, 290, 53, -117, -308, -89, 370, 174, -234]"
"[17, -19, -21, 0, 4, 20, 45, 5, -184, -118, 188, 581, 436, -849, -819, 245, 389, 260, 25, -218, 396, -203, -1933, -641, 2420, 3138, -2185, -6972, -2880, 12330, 11540, -7438, -6699, -4426, -4877, 3847, 5808, 2655, -1725, -3615, -208, 2075, 501, -1059, -484, 690, 600, -394, -541, 70, 384, 7, -369, -114, 109, 318, 227, -95, -129, -212, -76, 135, 21, 129, 248, -203, -396, -1, 268, 229, -22, -231, 0, 80, -114, -176, -58, 337, 258, -155, -148, -113, -78, 162, 139, -72, -113, 31, 89, 76, 102, -171, -259, -1, 149, 186, -20, -191, -22, 186, 84, -158, -83, 92, 48, -102, -57, 56, -103, 84, 348, -15, -229, -138, 2, -60, -150, 205, 237, 65, -54, -302, -145, 346, 237, -200]"
"[-7, -16, -12, 36, 22, -10, 29, 6, -167, -126, 124, 576, 506, -778, -814, 171, 365, 272, 62, -230, 113, -495, -2005, 700, 3988, 1443, -4863, -6269, -92, 13162, 10147, -9479, -7044, -3281, -4684, 4159, 6237, 2244, -2241, -3490, 210, 2205, 302, -1253, -355, 811, 529, -535, -652, 147, 536, 196, -275, -424, -157, 428, 402, -35, -199, -239, -14, 117, -25, 132, 257, -189, -358, -25, 203, 210, 15, -156, 33, -18, -226, -116, 78, 372, 179, -265, -158, -18, -67, 179, 267, -81, -232, -128, 36, 258, 205, -244, -315, 66, 235, 69, -171, -127, 83, 232, 92, -219, -104, 85, 24, -86, -4, 74, -143, 17, 320, 84, -117, -212, -151, -70, -52, 304, 264, -31, -156, -297, -40, 429, 189, -336]"
"[-36, 15, 33, 22, -6, -20, 34, 29, -158, -143, 111, 588, 525, -793, -839, 149, 347, 315, 111, -275, -290, -587, -1369, 1873, 4498, -823, -7103, -4296, 3368, 12890, 7653, -11485, -7090, -1528, -4146, 4283, 6377, 1682, -2550, -3114, 589, 2011, 10, -1203, -123, 743, 291, -588, -616, 317, 634, 159, -249, -396, -122, 225, 187, 99, -29, -202, -68, 37, -34, 217, 320, -242, -397, -11, 216, 154, -33, -93, 70, -86, -328, -22, 238, 393, 140, -374, -212, 5, -51, 212, 281, -126, -295, -62, 159, 212, 31, -258, -169, 215, 243, -134, -286, -44, 140, 260, 120, -231, -147, 30, 13, 5, 50, 34, -166, 20, 353, 61, -194, -239, -121, 29, -17, 208, 217, 33, -123, -333, -61, 425, 186, -311]"
"[-32, 38, 29, -9, -13, 7, 38, -6, -199, -97, 201, 578, 423, -843, -776, 243, 343, 229, 106, -285, -814, -498, 30, 2877, 3875, -3666, -8786, -1208, 6874, 11713, 4866, -12998, -6880, 182, -3636, 4134, 6203, 1508, -2318, -2861, 631, 1694, -78, -1152, -180, 661, 196, -445, -418, 459, 757, -178, -644, -353, 59, 484, 290, -49, -110, -253, -90, 92, -36, 198, 340, -186, -375, -85, 166, 191, 9, -98, 22, -112, -319, 73, 335, 325, 62, -438, -302, 85, 99, 277, 231, -238, -283, -2, 197, 146, -106, -261, -21, 343, 197, -296, -286, 29, 73, 236, 208, -148, -164, -73, -18, 65, 99, -4, -232, 12, 369, 107, -163, -267, -163, 40, 20, 233, 259, -31, -265, -328, 52, 522, 167, -388]"
"[22, 15, -7, -36, -33, 35, 81, 18, -201, -144, 177, 601, 438, -863, -830, 267, 410, 265, 52, -417, -1261, 88, 2215, 2699, 1161, -6035, -8799, 2866, 10038, 9374, 1738, -13901, -6236, 1894, -3262, 3649, 5953, 1720, -1767, -2944, 266, 1358, -49, -921, -260, 592, 272, -291, -301, 368, 664, -292, -685, -281, 28, 523, 395, -30, -138, -341, -161, 164, 89, 176, 229, -244, -359, -23, 149, 215, 121, -96, -85, -246, -357, 270, 503, 240, -52, -493, -292, 141, 118, 273, 231, -270, -314, 28, 234, 119, -177, -218, 90, 336, 107, -350, -259, 110, 124, 173, 112, -158, -105, 6, 0, 19, 77, -53, -271, 90, 405, 71, -142, -214, -158, -67, -39, 303, 285, -70, -286, -229, 155, 422, 48, -383]"
"[10, -5, -7, -12, -18, 12, 49, 25, -187, -106, 230, 572, 372, -891, -818, 307, 414, 270, -25, -477, -1231, 932, 3945, 959, -2654, -6240, -6699, 6366, 12007, 6029, -1378, -13666, -5135, 3071, -3155, 3120, 5657, 2072, -1155, -3065, -36, 1103, -82, -904, -398, 754, 519, -252, -379, 206, 666, -253, -762, -297, 50, 636, 522, -129, -316, -376, -87, 335, 196, 11, 64, -218, -274, 25, 103, 203, 210, -83, -186, -317, -300, 423, 574, 54, -207, -388, -153, 107, 8, 265, 279, -230, -305, 11, 190, 85, -116, -89, 111, 87, -102, -121, 15, 111, 47, 2, -12, -70, 6, 71, 35, -67, -56, -110, -214, 313, 527, -150, -322, -165, -123, -6, 34, 328, 253, -146, -266, -180, 155, 376, 17, -379]"
"[-24, 1, 3, 16, -4, 11, 50, -13, -220, -23, 403, 467, 75, -966, -683, 559, 474, 109, -194, -431, -660, 1500, 4115, -1262, -5434, -4325, -3563, 7876, 11990, 2753, -3438, -12067, -3723, 3365, -3274, 2239, 4867, 2764, -155, -3018, -436, 596, -213, -645, -240, 859, 591, -423, -548, 177, 725, -112, -730, -395, 12, 678, 549, -200, -414, -290, 25, 354, 174, -63, 48, -148, -235, -59, 5, 262, 310, -53, -223, -362, -257, 470, 600, -89, -439, -300, 125, 251, -95, -17, 217, -33, -244, -60, 151, 136, -33, -101, 31, -10, -114, 31, 104, 14, -44, 6, 26, -26, 20, 30, 17, -78, -109, -89, -111, 362, 446, -289, -370, 9, 23, -37, 11, 247, 184, -154, -254, -130, 153, 371, 43, -380]"
"[-64, 11, 38, 46, 0, -37, 10, 28, -167, -37, 376, 457, 80, -967, -701, 570, 507, 123, -269, -386, 51, 1648, 3113, -3075, -6764, -1502, -233, 8000, 10792, -617, -5187, -9439, -1935, 3238, -3409, 1307, 3971, 3172, 581, -2681, -618, 83, -388, -322, 10, 861, 585, -634, -824, 232, 963, 123, -718, -661, -94, 748, 547, -185, -372, -247, 20, 291, 166, -40, 14, -141, -183, -24, 22, 201, 231, -42, -168, -320, -255, 472, 651, -166, -590, -298, 263, 415, -97, -278, 91, 151, -141, -109, 116, 157, -2, -107, 16, 7, -30, -9, -22, -53, -38, 124, 81, -51, -11, 0, 10, -25, -45, -80, -88, 218, 231, -224, -228, 178, 121, -181, -94, 203, 164, -85, -181, -134, 86, 310, 54, -287]"
"[-9, 3, 1, 15, 16, 4, 25, -18, -217, -25, 406, 506, 117, -1006, -729, 550, 493, 137, -263, -257, 759, 1317, 1284, -4133, -6493, 1679, 2537, 6162, 7982, -2193, -4732, -6624, -890, 1952, -3615, 1033, 3279, 3063, 790, -2141, -508, -148, -471, -223, 154, 867, 540, -783, -974, 292, 1094, 327, -572, -926, -342, 700, 512, 43, -159, -271, -53, 162, 127, 27, 32, -125, -127, -67, -77, 178, 249, 19, -140, -308, -237, 430, 627, -141, -558, -340, 193, 470, -4, -305, 27, 147, -126, -132, 76, 211, 39, -124, 21, 25, -19, -60, -66, -53, -33, 187, 139, -105, -92, -20, 12, 62, 58, -74, -106, 54, 59, -73, 15, 209, 48, -358, -221, 254, 224, 37, -119, -217, 21, 312, 110, -253]"
"[14, 30, 24, -25, -39, 0, 47, 26, -190, -39, 407, 453, 41, -968, -658, 587, 481, 86, -218, -145, 1157, 687, -858, -4090, -4590, 4504, 4504, 3304, 4940, -3850, -5239, -2969, 1407, 716, -4448, 692, 3256, 2967, 596, -2000, -462, -46, -370, -184, 189, 739, 422, -755, -940, 285, 1026, 486, -284, -1001, -525, 453, 330, 263, 56, -188, -33, 2, 14, 63, 100, -114, -157, -78, -87, 170, 254, 61, -144, -327, -194, 459, 619, -203, -612, -346, 200, 566, 62, -387, -26, 180, -108, -166, 78, 246, 21, -162, 34, 52, -49, -64, -25, -6, -2, 119, 95, -106, -125, -2, 72, 98, 28, -126, -107, 89, 79, -66, 26, 163, 8, -354, -245, 284, 289, 66, -124, -272, -23, 300, 111, -185]"
"[4, -8, -20, -3, -2, 26, 52, -13, -219, -25, 444, 452, -5, -1004, -650, 656, 526, 48, -168, -114, 1155, -99, -2950, -2659, -695, 5975, 4066, -399, 2689, -3973, -6125, -367, 4055, 919, -4909, -1286, 2318, 3802, 958, -1943, -377, 110, -282, -372, 188, 664, 152, -722, -655, 459, 877, 211, -341, -682, -172, 271, -54, 86, 138, 101, 49, -84, -3, 24, 36, -113, -112, 27, -26, 64, 187, 54, -158, -294, -187, 458, 630, -154, -551, -400, 117, 550, 113, -352, -65, 175, -38, -175, 22, 208, -29, -126, 132, 110, -104, -166, -20, 55, -20, 127, 159, -117, -178, -32, 81, 110, 17, -108, -91, 95, 120, -101, -49, 160, 47, -331, -276, 313, 378, 15, -250, -272, 61, 365, 115, -265]"
"[5, 9, -2, -6, -7, 18, 43, -15, -214, 7, 486, 399, -95, -992, -598, 672, 482, 43, -49, -75, 862, -695, -3850, -851, 2505, 5327, 2178, -1991, 2658, -4333, -8365, 1167, 6824, 2285, -4908, -3589, 1207, 4409, 1279, -1652, -224, 34, -298, -432, 133, 578, 53, -573, -406, 449, 671, 15, -381, -430, 49, 271, -102, -155, -25, 247, 173, -55, -7, -37, -10, -128, -158, 104, 118, 107, 162, -120, -268, -208, -92, 456, 518, -176, -463, -308, 110, 495, 175, -384, -221, 169, 108, -91, -66, 91, -1, -2, 168, 8, -161, -133, -1, 68, -24, 115, 186, -78, -168, -93, 60, 106, -35, -70, 18, 111, 34, -183, -30, 247, 70, -374, -297, 316, 379, 18, -235, -252, 67, 310, 69, -208]"
"[0, 12, 2, 2, -5, 12, 32, -21, -200, 88, 605, 206, -433, -922, -353, 864, 504, -114, -43, -128, 329, -956, -3634, 1101, 4773, 2937, -666, -1756, 3936, -4429, -10094, 1627, 8231, 3487, -4475, -4967, 407, 4657, 1509, -1491, -138, 18, -300, -562, 22, 582, 37, -453, -226, 413, 489, -106, -319, -279, 39, 245, 2, -180, -123, 162, 130, 18, 56, 8, 10, -193, -212, 69, 91, 204, 257, -161, -354, -244, -27, 528, 445, -298, -422, -149, 51, 355, 276, -189, -281, -74, 108, 132, 13, -59, -97, 5, 177, 56, -154, -131, 28, 71, -20, 92, 156, -113, -196, -30, 122, 118, -49, -137, -1, 167, 38, -225, -46, 285, 83, -376, -290, 330, 404, 1, -241, -282, 8, 312, 94, -137]"
"[-27, 26, 22, 3, -11, 7, 37, -18, -217, 49, 565, 308, -297, -989, -478, 831, 536, -68, -44, -171, -64, -965, -2851, 2311, 5476, 421, -3072, -358, 5906, -4120, -11069, 612, 8258, 4847, -3672, -5971, -474, 4893, 1906, -1264, -72, -104, -361, -713, -78, 713, 83, -457, -144, 419, 347, -218, -295, -47, 215, 146, -104, -345, -223, 351, 306, -58, -113, -24, 115, -53, -180, -91, -25, 263, 334, -97, -323, -312, -45, 510, 390, -289, -366, -138, -35, 356, 402, -136, -365, -204, 111, 279, 45, -140, -69, 33, 123, -10, -178, -54, 107, 66, -90, 50, 204, -44, -188, -118, 59, 169, -6, -154, -20, 204, 70, -285, -112, 358, 198, -402, -363, 267, 375, 67, -161, -280, -51, 241, 76, -49]"
"[18, 37, 20, -41, -47, 19, 48, 7, -187, 58, 560, 238, -366, -910, -375, 818, 463, -109, -12, -126, -242, -1002, -2420, 2842, 5588, -831, -4228, 623, 7409, -3859, -11799, -855, 7738, 6479, -2547, -6874, -1445, 5017, 2339, -954, -43, -355, -480, -678, -47, 760, 100, -464, -93, 405, 241, -306, -301, 128, 327, 101, -87, -440, -403, 344, 411, 108, -71, -136, 73, -60, -169, -52, -36, 183, 274, 7, -240, -305, 9, 469, 295, -369, -335, -1, -41, 151, 278, 155, -81, -392, -155, 254, 155, -10, -59, -63, 96, 14, -162, -29, 124, 28, -82, 37, 106, -42, -89, -28, 44, 77, 0, -122, -49, 178, 70, -279, -134, 422, 290, -448, -420, 224, 322, 102, -85, -228, -65, 163, 45, -22]"
"[21, 22, -2, -40, -42, 31, 62, -2, -193, 79, 616, 147, -541, -867, -241, 916, 474, -184, -37, -156, -326, -945, -2197, 2932, 5538, -1262, -5076, 892, 8771, -2516, -11712, -3600, 6062, 8473, -789, -7498, -2608, 4746, 2690, -384, 21, -653, -506, -580, -58, 703, 104, -431, -68, 415, 263, -407, -484, 149, 401, 368, 214, -644, -698, 205, 463, 271, -107, -203, 112, 52, -134, -136, -31, 175, 184, -4, -175, -244, 5, 424, 259, -362, -278, 59, -1, 14, 79, 221, 132, -301, -273, 113, 178, 112, -1, -133, 24, 48, -61, -118, -84, 56, 42, 191, 175, -165, -140, -51, -41, 83, 75, -23, -38, 118, 125, -304, -273, 359, 335, -286, -350, 138, 277, 96, -61, -219, -103, 102, 20, 89]"
"[5, 28, 19, -25, -36, 1, 24, -1, -177, 124, 645, 102, -587, -853, -212, 917, 459, -187, -47, -152, -235, -947, -2429, 2738, 5660, -817, -5352, 299, 9033, -936, -10551, -5650, 4052, 9265, 696, -7203, -3268, 3975, 2498, 171, 253, -577, -382, -682, -167, 638, 140, -385, -113, 355, 229, -279, -302, 78, 181, 261, 309, -421, -647, 17, 353, 364, -9, -228, 35, 69, -59, -156, -73, 216, 225, -128, -298, -94, 157, 394, 216, -423, -314, 101, 36, -31, -19, 282, 271, -281, -340, 25, 157, 180, 73, -122, -17, -56, -135, 4, 55, 54, -3, 77, 102, -110, -92, -12, -33, 28, 42, 25, 8, 93, 87, -308, -265, 398, 378, -334, -419, 158, 340, 88, -133, -216, -31, 129, -19, 49]"
"[-30, -8, 8, 35, 8, -15, 0, -12, -165, 134, 638, 81, -610, -832, -175, 931, 455, -224, -65, -108, -1, -1002, -2997, 2208, 5692, 505, -4839, -896, 8525, 461, -9132, -7061, 2293, 9276, 1422, -6339, -3170, 3313, 2203, 384, 368, -566, -408, -651, -113, 636, 158, -437, -186, 326, 228, -229, -345, 110, 317, 313, 297, -516, -661, -38, 256, 391, 15, -126, 114, -11, -102, -106, -72, 122, 208, -11, -257, -185, 96, 427, 266, -395, -335, 88, 167, -56, -242, 149, 351, -21, -284, -155, 72, 266, 159, -118, -39, -108, -136, -10, -27, 83, 103, 141, 87, -230, -159, 55, 21, 44, 40, -4, -5, 105, 125, -305, -299, 329, 353, -246, -369, 97, 263, 137, -12, -206, -128, 20, -39, 166]"
"[-54, 14, 27, 37, 4, -17, 8, -19, -173, 129, 636, 85, -612, -823, -162, 930, 447, -225, -70, -101, 203, -963, -3373, 1551, 5341, 1787, -3812, -1795, 7500, 1086, -7744, -7370, 1025, 8577, 1729, -5184, -2761, 2612, 1809, 477, 447, -520, -407, -568, -41, 538, 91, -415, -214, 306, 300, -103, -332, -140, 87, 518, 538, -445, -645, -173, 197, 377, -2, -174, 35, 93, -3, -106, -66, 77, 125, 9, -151, -166, 18, 374, 291, -350, -363, 60, 213, 45, -200, -42, 190, 130, -100, -215, -82, 243, 207, -40, 9, -124, -152, -53, -53, 92, 107, 171, 103, -239, -158, 41, 12, 54, 49, -25, -29, 120, 124, -288, -250, 349, 339, -317, -402, 139, 282, 120, -36, -183, -82, 25, -56, 141]"
"[-36, 34, 39, 4, -16, -12, 14, -5, -170, 104, 605, 146, -502, -872, -268, 890, 480, -180, -103, -94, 435, -886, -3661, 785, 4681, 3078, -2464, -2306, 6660, 996, -7112, -7287, 395, 8052, 1854, -4310, -2401, 2032, 1470, 573, 559, -502, -519, -543, 89, 550, 3, -409, -100, 246, 97, -41, -46, -93, -110, 296, 513, -242, -577, -201, 198, 384, 55, -170, -24, -21, -46, 31, 11, 29, 102, -7, -147, -174, -33, 365, 325, -279, -334, -8, 152, 74, -128, -19, 147, 63, -102, -127, -10, 147, 61, -7, 113, -41, -111, -138, -124, 60, 82, 210, 136, -193, -120, -8, -33, 51, 68, -10, -51, 101, 131, -254, -240, 321, 327, -307, -404, 130, 294, 146, -34, -209, -87, 17, -81, 169]"
"[-19, 35, 37, -4, -23, -14, 8, -5, -170, 115, 614, 130, -531, -868, -252, 908, 471, -196, -97, -50, 603, -913, -3994, 348, 4410, 4151, -1120, -2919, 5410, 344, -6884, -6402, 418, 7731, 2017, -4030, -2363, 1701, 1339, 686, 600, -562, -585, -431, 231, 492, -125, -454, 7, 322, -14, -196, -21, 114, -120, 147, 551, -41, -506, -400, 110, 406, 15, -114, 88, -39, -148, -4, 60, 91, 96, -50, -145, -146, -35, 358, 366, -313, -462, -16, 245, 232, -38, -205, -35, 97, 6, -38, -7, 48, -2, 12, 147, -11, -157, -149, -40, 118, 52, 121, 132, -163, -151, -11, -14, 86, 123, -3, -72, -18, 24, -133, -90, 311, 243, -365, -379, 171, 274, 128, -20, -188, -88, 3, -72, 165]"
"[0, 32, -4, -31, -21, 52, 63, -51, -219, 129, 663, 84, -644, -823, -130, 958, 461, -288, -179, -18, 797, -792, -4088, -264, 3695, 4985, 179, -2899, 4771, -546, -7163, -5866, 539, 8028, 2530, -4280, -2774, 1484, 1359, 893, 662, -622, -664, -400, 324, 557, -132, -602, -57, 477, 112, -359, -188, 199, -28, 58, 405, 124, -305, -440, 56, 384, 13, -175, 67, 30, -154, -76, 51, 203, 174, -159, -268, -68, 111, 338, 291, -375, -529, -25, 219, 428, 232, -320, -268, -23, 51, 118, 61, -34, -113, 12, 229, 70, -150, -259, -128, 167, 127, 124, 74, -159, -107, 8, -7, 64, 91, -12, -46, -7, 10, -140, -93, 273, 214, -281, -325, 104, 230, 169, 19, -218, -142, 23, -6, 188]"
"[-3, -2, -2, 25, 17, -13, -3, -17, -157, 127, 617, 52, -631, -765, -110, 909, 422, -256, -158, 0, 940, -704, -4083, -912, 2806, 5705, 1210, -2746, 4604, -730, -7043, -6433, -132, 8619, 3263, -4374, -3119, 1291, 1379, 998, 664, -611, -646, -403, 304, 590, -47, -641, -152, 474, 183, -330, -205, 192, 34, -34, 187, 127, -205, -278, 121, 345, 10, -242, 50, 62, -163, -117, 30, 239, 212, -144, -317, -142, 129, 471, 348, -477, -563, -26, 104, 428, 406, -149, -321, -285, -6, 303, 138, -85, -126, -37, 176, 115, -97, -256, -127, 135, 75, 138, 125, -118, -85, -40, -57, 18, 46, 76, 45, 13, 34, -217, -178, 262, 243, -228, -330, 72, 226, 207, 67, -238, -195, -32, -38, 271]"
"[-7, -8, -15, 17, 20, 8, -5, -38, -151, 169, 630, -3, -669, -721, -69, 877, 396, -233, -159, -21, 1064, -531, -3915, -1588, 1766, 6160, 2107, -2346, 4215, -1015, -6423, -6060, -303, 7759, 2870, -3917, -2856, 1265, 1259, 957, 745, -549, -708, -492, 295, 710, 8, -727, -202, 542, 243, -390, -274, 229, 154, -26, 107, -20, -290, -182, 137, 401, 104, -211, 43, -49, -202, -75, 7, 240, 299, -79, -325, -347, -98, 644, 599, -378, -534, -198, -31, 318, 294, 117, -42, -382, -203, 246, 234, 10, -143, -162, 104, 223, -6, -293, -176, 143, 110, 126, 79, -113, -37, -38, -109, 11, 92, 95, 14, -3, 67, -231, -257, 294, 352, -210, -385, 10, 216, 229, 37, -208, -100, -22, -91, 185]"
"[-37, 59, 73, -19, -64, -8, 50, 6, -150, 129, 622, -40, -741, -673, 21, 932, 406, -312, -230, -7, 1211, -316, -3561, -2330, 576, 6327, 2033, -1882, 5246, 680, -5310, -8744, -2226, 8342, 3486, -3483, -2877, 1091, 1201, 994, 845, -489, -752, -632, 199, 826, 180, -718, -335, 453, 297, -291, -280, 189, 187, -7, 74, -52, -220, -167, 20, 309, 103, -53, 131, -93, -209, -94, -26, 191, 251, 9, -160, -367, -318, 479, 673, -47, -401, -402, -77, 270, 93, 144, 199, -223, -325, 12, 235, 198, -89, -253, 63, 254, 9, -322, -189, 199, 154, 72, 21, -130, -31, 29, -66, -44, 28, 98, 33, 77, 167, -294, -376, 233, 371, -103, -332, -46, 154, 229, 87, -169, -120, -71, -98, 233]"
"[-4, 6, 2, -6, -13, 16, 22, -28, -164, 165, 663, -20, -731, -733, -40, 951, 440, -285, -247, -36, 1232, -161, -3198, -2684, -173, 6146, 1914, -1277, 6062, 951, -5743, -9344, -1676, 8602, 2906, -3950, -2819, 1502, 1308, 934, 826, -563, -811, -566, 211, 836, 292, -673, -402, 301, 241, -192, -241, 202, 235, 9, 67, -146, -264, -119, 30, 306, 108, -51, 136, -91, -217, -108, -20, 180, 198, 28, -84, -305, -309, 331, 553, 84, -270, -423, -57, 230, -39, 69, 269, -49, -308, -147, 165, 307, 3, -309, -26, 282, 99, -313, -244, 158, 195, 120, 4, -219, -82, 117, 12, -58, 5, 31, -48, 153, 296, -282, -437, 151, 354, -41, -287, -59, 117, 193, 76, -113, -93, -100, -107, 261]"
"[10, 22, -9, -12, 13, 23, 5, -52, -132, 194, 624, -137, -825, -556, 164, 900, 319, -364, -260, 30, 1316, -45, -2956, -3029, -674, 6113, 1654, -1479, 5898, 2707, -3849, -10734, -3212, 8325, 3283, -3612, -3021, 1433, 1346, 1021, 925, -475, -844, -743, 168, 956, 348, -702, -436, 318, 333, -237, -411, 120, 224, 280, 315, -294, -419, -158, 44, 264, 38, 63, 243, -120, -239, -127, -38, 152, 188, 68, -59, -293, -290, 229, 416, 218, -71, -483, -196, 223, 16, 64, 253, 14, -257, -253, 71, 373, 64, -320, -82, 295, 169, -290, -284, 102, 205, 160, -9, -235, -47, 124, -31, -63, 68, 20, -158, 135, 378, -181, -410, 30, 261, 11, -221, -39, 137, 161, 12, -146, -65, -35, -131, 225]"
"[-4, -1, -11, 8, 14, 18, -4, -45, -77, 213, 567, -268, -901, -365, 329, 836, 245, -418, -338, 57, 1404, 327, -2106, -3790, -2329, 5781, 1991, -725, 5740, 3779, -2145, -11782, -4527, 8113, 3796, -3440, -3378, 1231, 1345, 1190, 934, -349, -649, -874, -68, 927, 465, -597, -488, 288, 413, -175, -295, 21, -32, 93, 332, 70, -276, -325, -8, 272, -15, 62, 348, -65, -341, -236, 38, 274, 130, -38, -4, -217, -342, 134, 361, 331, 64, -460, -212, 92, -94, 92, 299, 137, -132, -391, -125, 383, 224, -257, -222, 182, 232, -125, -236, -4, 130, 162, 49, -167, -58, 28, -80, 1, 149, 21, -231, 53, 377, -73, -357, -2, 233, -17, -215, -23, 118, 180, 61, -186, -116, -31, -125, 232]"
"[-24, 0, -9, 22, 18, 8, -22, -26, -25, 214, 516, -340, -940, -263, 417, 812, 210, -437, -344, 21, 1331, 607, -1325, -4132, -3406, 5122, 1919, -42, 5501, 4579, -566, -12226, -5664, 7649, 4443, -3122, -3802, 759, 1199, 1482, 1091, -126, -506, -1173, -322, 1032, 613, -523, -463, 193, 306, -209, -290, 210, 172, -92, 61, 97, -112, -262, -83, 233, 37, 65, 264, -47, -214, -217, -61, 189, 130, 44, 58, -195, -343, 5, 239, 432, 241, -436, -350, -22, -3, 198, 157, 72, 50, -229, -159, 149, 129, -141, -172, 180, 241, -131, -264, 2, 171, 173, 39, -210, -94, 58, -38, -3, 125, 13, -240, 54, 408, -50, -387, -34, 248, 6, -204, -26, 79, 153, 104, -116, -115, -105, -138, 262]"
"[-48, 14, 32, 25, 3, -14, -19, -17, -56, 199, 546, -252, -873, -384, 288, 842, 280, -391, -380, -59, 1192, 956, -294, -4368, -4548, 4109, 1821, 756, 4892, 5203, 1311, -12219, -7187, 6927, 5707, -2176, -4187, -542, 685, 1919, 1206, 234, -220, -1314, -427, 901, 541, -471, -503, 239, 472, -111, -298, -75, -85, 58, 262, 230, -86, -410, -159, 269, 81, 47, 187, -11, -114, -198, -71, 133, 57, 41, 148, -147, -411, -83, 188, 490, 275, -314, -170, -155, -205, 141, 177, 160, 100, -203, -173, 94, 138, -134, -205, 200, 308, -131, -334, -72, 168, 290, 102, -274, -150, 86, 24, -28, 76, 50, -185, -31, 307, 53, -248, -101, 117, -8, -159, 44, 119, 128, 68, -137, -86, -95, -203, 229]"
"[-6, 22, 9, -15, -15, 30, 24, -24, -51, 179, 506, -302, -908, -266, 410, 784, 191, -425, -374, -54, 1013, 1185, 585, -4341, -5228, 3118, 1719, 1019, 3360, 5878, 4025, -11101, -8538, 4765, 6122, -522, -3990, -1682, 281, 2112, 1066, 407, 78, -1215, -523, 696, 524, -364, -484, 200, 442, -150, -387, 113, 222, -64, -7, 102, -64, -224, -63, 180, -7, 60, 231, -5, -129, -187, -61, 123, 65, 33, 94, -87, -229, -135, -29, 376, 314, -139, -107, -161, -170, 38, 62, 188, 176, -119, -183, -21, 155, -14, -230, 35, 265, 35, -238, -136, 101, 257, 120, -219, -161, 39, 18, 29, 116, 36, -208, -83, 276, 133, -166, -155, 25, -8, -89, 61, 31, 103, 159, -71, -124, -189, -214, 308]"
"[6, -3, -3, -3, -4, 19, -9, -32, -23, 246, 521, -417, -998, -147, 519, 752, 159, -428, -367, -88, 914, 1297, 974, -4303, -5668, 2743, 2882, 1695, 1494, 2870, 3174, -6152, -5130, 2198, 3614, -631, -2868, -891, 128, 1383, 736, 494, 198, -825, -353, 333, 311, -236, -482, 187, 617, -10, -529, -197, 206, 277, 149, -85, -168, -239, -74, 194, -43, 103, 281, 14, -88, -193, -101, 30, 16, 103, 116, -26, -98, -203, -176, 322, 363, -86, -177, -143, -51, 58, -14, 115, 204, -34, -165, -134, 51, 108, -68, -22, 158, 28, -207, -175, 63, 366, 219, -328, -302, 65, 125, 79, 67, -22, -196, -101, 206, 235, -18, -207, -74, -74, -93, 152, 75, 62, 144, -36, -86, -276, -332, 341]"
"[2, -5, -11, 7, 15, 1, -40, -18, 9, 230, 485, -394, -955, -162, 498, 746, 147, -449, -400, -71, 813, 1413, 1451, -4185, -5741, 1756, 754, 2747, 5386, 4458, 1356, -9863, -5462, 3578, 2425, 152, -821, -585, -437, 459, 434, 616, 344, -529, -376, 112, 346, -80, -509, -20, 499, 278, -242, -399, -89, 311, 318, 4, -170, -305, -68, 179, -79, 55, 234, 65, -48, -145, -63, -18, 0, 87, 43, -37, -22, -111, -212, 226, 413, -13, -228, -235, -26, 136, -36, 35, 155, 63, -42, -159, -33, 49, -68, 12, 145, 75, -120, -202, -28, 307, 241, -219, -241, -28, 8, 114, 172, 39, -176, -201, 95, 251, 75, -143, -98, -163, -161, 222, 177, 73, 93, -64, -24, -285, -420, 334]"
"[-42, 1, 33, 37, -4, -30, -30, 8, 46, 210, 405, -469, -975, 6, 629, 664, 72, -482, -391, -89, 512, 1552, 2367, -3754, -5928, 332, -565, 2613, 4845, 7240, 4771, -11138, -7622, 1885, 1949, 1757, 183, -766, -708, 146, 301, 630, 345, -386, -299, 87, 307, -77, -393, -67, 281, 244, -67, -268, -198, 190, 382, 95, -216, -356, -26, 249, -53, -39, 171, 83, -72, -98, 39, -6, -48, 6, 21, -7, -27, -90, -210, 216, 441, 15, -272, -269, 63, 207, -54, -133, 6, 161, 88, -80, -30, -33, -58, -3, 55, 76, -59, -148, -27, 272, 229, -224, -226, 1, 26, 50, 93, 79, -127, -165, 132, 242, 60, -217, -150, -118, -139, 211, 159, 96, 112, -54, 4, -290, -435, 286]"
"[3, 14, -9, 2, 27, 27, -25, -55, 4, 237, 440, -441, -964, -45, 585, 684, 98, -463, -375, -154, 230, 1641, 2992, -3280, -5879, -741, -1168, 2694, 4063, 7923, 6465, -10537, -8204, 353, 1465, 2683, 696, -877, -815, -40, 137, 726, 511, -363, -382, 53, 341, -52, -333, -84, 147, 123, -39, -23, -95, 21, 302, 110, -225, -338, -40, 272, 33, -38, 83, 46, -20, -49, 20, -47, -26, 62, 26, -99, -93, -16, -124, 221, 424, -34, -329, -284, 73, 340, 64, -251, -107, 167, 109, -83, -51, 19, 13, -26, -8, -3, -88, -24, 62, 200, 147, -208, -180, 36, 53, -14, 8, 115, -26, -153, 54, 169, 63, -116, -106, -157, -145, 182, 108, 131, 169, -71, -44, -286, -409, 310]"
"[-19, 19, 23, 7, -4, -4, -15, -11, -21, 199, 483, -361, -943, -174, 489, 756, 161, -444, -372, -180, 141, 1636, 3123, -3085, -5819, -1133, -1538, 3143, 4846, 7763, 6000, -11051, -8671, 520, 1708, 3417, 1112, -1388, -1120, -85, 186, 896, 497, -546, -393, 263, 394, -196, -361, 21, 241, 2, -201, -52, -121, 172, 472, 121, -274, -457, -61, 308, 41, -36, 48, -9, -35, 62, 106, -85, -85, 8, 51, -25, -95, -131, -213, 316, 524, 2, -303, -384, -53, 357, 174, -153, -154, 35, 139, 32, -59, -90, -48, 57, 106, 14, -147, -127, 40, 279, 170, -223, -183, 40, 56, -8, 23, 93, -67, -141, 111, 178, 18, -165, -127, -103, -77, 200, 71, 55, 174, 4, -44, -341, -412, 350]"
"[-3, 18, 5, -5, 2, 16, -14, -34, 3, 226, 438, -429, -951, -60, 557, 684, 117, -443, -363, -198, 21, 1655, 3313, -2872, -5820, -1682, -2269, 4180, 7162, 7274, 3817, -12711, -8804, 2381, 2478, 3272, 1071, -1699, -1249, -61, 291, 979, 410, -707, -394, 422, 425, -262, -354, 50, 215, -59, -156, 102, -59, -111, 236, 351, -38, -540, -227, 354, 182, -58, -3, -29, -76, 55, 163, -75, -153, 28, 154, -61, -244, -137, -90, 445, 549, -162, -398, -349, -53, 402, 251, -122, -174, -103, 44, 174, 54, -132, -70, 48, 82, -21, -150, -88, 45, 274, 180, -236, -202, 67, 89, -51, -41, 123, -24, -95, 177, 95, -107, -163, -92, -54, -57, 229, 118, -6, 97, -15, -43, -273, -363, 333]"
"[4, 26, 2, -6, 10, 20, -25, -45, 12, 249, 440, -462, -968, -22, 587, 655, 84, -435, -341, -197, -65, 1633, 3433, -2648, -5759, -2102, -2629, 4792, 8212, 6824, 2707, -13281, -8717, 3295, 2870, 2918, 767, -1639, -1063, -1, 263, 965, 452, -790, -444, 477, 426, -323, -360, 177, 336, -206, -388, 109, 93, 50, 222, 195, -49, -427, -207, 240, 153, 54, 33, -111, -116, 66, 176, 8, -93, -93, 36, -32, -216, -42, 21, 394, 457, -228, -398, -265, -18, 334, 178, -60, -67, -113, -42, 115, 73, -44, -16, 12, 42, -83, -200, -8, 130, 251, 119, -251, -156, 91, 60, -86, -18, 135, -89, -90, 289, 151, -138, -298, -174, 4, -15, 284, 145, -51, 84, -26, -82, -262, -308, 351]"
"[-2, -11, -11, 3, -5, 23, 2, -11, 40, 187, 339, -476, -928, 101, 656, 569, 12, -434, -289, -183, -241, 1582, 3704, -2254, -5714, -2788, -2853, 5337, 8341, 6276, 2393, -12781, -8304, 3266, 2758, 2528, 494, -1303, -763, -8, 150, 825, 465, -630, -363, 345, 305, -320, -351, 256, 404, -188, -342, 33, -14, 0, 234, 295, -48, -453, -127, 248, 24, 9, 151, -37, -163, 4, 152, -16, -90, 8, 102, -106, -312, -58, 98, 482, 408, -346, -374, -137, 9, 223, 122, -9, -34, -113, -43, 110, 66, -49, -11, 24, 39, -87, -172, 7, 108, 196, 84, -199, -119, 99, 66, -78, 1, 59, -197, -4, 424, 150, -212, -354, -143, 56, -29, 236, 140, -8, 112, -36, -96, -296, -349, 397]"
"[-19, -9, 10, 32, 12, -15, -52, -7, 104, 239, 278, -598, -949, 284, 778, 460, -63, -447, -294, -171, -315, 1573, 3830, -1992, -5583, -3253, -3184, 5827, 9073, 5712, 1210, -12800, -7601, 4000, 2747, 1900, 296, -1030, -604, -47, 104, 785, 441, -591, -311, 327, 280, -333, -365, 262, 440, -191, -444, 17, 107, 116, 224, 146, -93, -424, -149, 277, 35, -11, 165, 44, -148, -105, 142, 72, -82, -68, 68, -53, -249, -81, 31, 456, 413, -305, -343, -102, 50, 150, 28, -25, -6, -31, -22, 78, 109, -81, -149, 6, 166, 14, -255, -119, 141, 344, 151, -321, -203, 119, 92, -87, -30, 89, -161, -13, 415, 151, -216, -363, -123, 71, -43, 208, 141, -11, 85, -12, -71, -278, -319, 360]"
"[-15, 10, 15, 5, -5, 5, -20, -3, 107, 186, 197, -583, -888, 380, 828, 361, -135, -438, -261, -160, -436, 1536, 3970, -1636, -5235, -3548, -3031, 4916, 6610, 6315, 3766, -10790, -7529, 1628, 1777, 2338, 461, -690, -402, -114, 21, 712, 446, -615, -368, 406, 365, -359, -392, 215, 389, -145, -373, -19, -1, 148, 322, 200, -70, -492, -201, 253, 44, 8, 109, 54, -78, -78, 117, 75, -41, -123, -18, -7, -114, -70, -110, 325, 439, -111, -278, -192, 40, 127, -35, -16, 59, 23, -32, -16, 68, -13, -116, -32, 133, 86, -153, -205, -14, 347, 244, -208, -170, 5, 20, -64, 12, 133, -154, -110, 311, 246, -80, -348, -148, -21, -113, 230, 168, 29, 89, -4, -30, -301, -370, 339]"
"[-28, 32, 38, -8, -35, 2, 0, 13, 101, 179, 225, -573, -913, 316, 777, 445, -58, -456, -287, -169, -398, 1512, 3858, -1685, -5191, -3218, -2342, 4322, 5001, 6020, 4532, -9278, -6850, 877, 1352, 1787, 122, -152, 11, -178, -168, 584, 496, -505, -367, 330, 336, -309, -331, 176, 274, -136, -266, 34, -39, 75, 287, 247, -7, -459, -189, 180, 17, 22, 86, 26, -73, -8, 138, 31, -42, -118, -48, -21, -79, 6, -57, 203, 319, -101, -277, -108, 132, 126, -89, -70, 96, 85, -48, -86, 62, 29, -139, -52, 178, 128, -183, -262, 8, 397, 222, -280, -209, 83, 97, -81, -32, 124, -108, -124, 239, 249, -30, -302, -132, -57, -137, 208, 152, 48, 104, -1, -48, -305, -331, 343]"
"[-6, 14, 5, -17, -8, 27, -14, -16, 113, 193, 176, -603, -879, 423, 840, 333, -134, -425, -232, -204, -604, 1486, 4055, -1213, -4817, -3621, -2123, 3621, 2826, 6121, 6179, -7331, -6267, -426, 830, 1122, -466, 575, 629, -126, -334, 301, 443, -350, -296, 307, 319, -318, -308, 122, 146, -108, -160, 140, 5, -35, 187, 260, 52, -419, -196, 151, -15, 25, 124, 52, -109, -43, 176, 101, -35, -228, -144, 77, 88, 20, -171, 45, 298, 77, -188, -190, 78, 111, -111, -25, 168, 81, -83, -159, -22, 109, 9, -36, 79, 51, -140, -214, -31, 394, 298, -283, -302, 34, 131, 26, 17, 60, -138, -171, 153, 304, 76, -248, -136, -155, -198, 249, 206, 57, 88, -17, -64, -313, -312, 384]"
"[-2, 8, 3, -6, -15, 3, -24, 41, 193, 124, 8, -620, -766, 592, 886, 167, -209, -385, -176, -218, -867, 1312, 4130, -312, -3808, -4452, -2937, 2905, 1687, 6903, 7557, -6538, -6534, -1271, 1039, 1364, -739, 242, 653, 181, -293, 148, 397, -276, -258, 292, 296, -342, -319, 166, 216, -127, -227, 85, -2, 27, 209, 249, 54, -410, -187, 119, -44, 38, 134, 61, -94, -56, 109, 93, 48, -137, -150, -58, 38, 128, -74, -47, 144, 74, -119, -73, 136, 38, -180, -85, 142, 190, -2, -223, -106, 111, 61, 36, 129, -23, -203, -234, -41, 412, 281, -230, -219, -3, 69, 15, 18, 85, -86, -188, 78, 313, 149, -241, -162, -163, -183, 206, 131, 85, 132, 54, 13, -392, -438, 372]"
"[-2, 2, -5, -2, 2, 19, -22, -4, 161, 171, 60, -651, -823, 586, 913, 218, -187, -436, -196, -198, -929, 1218, 4098, 39, -3356, -4649, -2976, 2246, 245, 7236, 8962, -5352, -6735, -2484, 1098, 1914, -798, -292, 473, 522, -191, 9, 332, -130, -153, 228, 280, -371, -430, 157, 348, -15, -288, -64, 0, 100, 189, 233, 69, -410, -190, 157, -2, -24, 58, 80, -59, -35, 114, 87, 41, -144, -146, -47, 64, 139, -86, -127, 87, 167, -32, -98, 95, 2, -182, -60, 127, 189, 25, -207, -119, 103, 74, 11, 65, 29, -74, -245, -143, 348, 319, -173, -259, -40, 105, 62, -45, 63, 67, -149, -107, 177, 233, -32, -95, -299, -257, 203, 127, 104, 134, 83, 53, -413, -457, 349]"
"[5, -5, -12, -4, 11, 10, -57, 8, 195, 187, 76, -659, -835, 524, 865, 278, -139, -435, -169, -213, -1075, 1036, 3964, 672, -2439, -5033, -3805, 1541, 145, 8210, 9327, -5949, -7229, -1983, 1807, 1954, -1004, -852, 210, 846, 14, -31, 251, -136, -132, 236, 299, -378, -511, 135, 448, 128, -252, -243, -76, 134, 168, 249, 106, -364, -184, 111, 3, -8, 25, 65, -14, -17, 58, 58, 69, -87, -126, -88, 36, 165, -36, -164, -5, 176, 41, -42, 101, -44, -187, -86, 74, 213, 67, -195, -143, 105, 132, 26, 13, -57, -87, -122, -69, 258, 235, -147, -202, -51, 36, 82, 17, 73, 92, -155, -182, 85, 214, 119, 17, -348, -318, 146, 126, 132, 97, 109, 154, -415, -542, 288]"
"[-12, 6, 18, 15, 6, -13, -46, 7, 144, 180, 135, -605, -847, 437, 825, 339, -92, -439, -185, -234, -1121, 966, 3830, 982, -1875, -5033, -3861, 772, -835, 8514, 9900, -5315, -7091, -2295, 1850, 1979, -1001, -1054, 57, 924, 49, -14, 286, -119, -186, 217, 386, -358, -618, 44, 479, 305, -179, -355, -87, 118, 75, 230, 151, -268, -146, 51, -16, -24, -11, 81, 33, 7, 30, 8, 59, -33, -101, -105, 30, 175, -8, -187, -55, 151, 32, 14, 151, -44, -182, -135, 21, 215, 82, -141, -99, 80, 105, -27, -36, 6, -19, -123, -83, 242, 220, -163, -177, -22, 2, 26, -13, 132, 189, -117, -241, -69, 144, 269, 136, -350, -350, 75, 135, 157, 44, 76, 175, -333, -493, 221]"
"[-18, 24, 5, -7, 9, 36, -13, -29, 129, 173, 98, -608, -811, 497, 855, 263, -161, -424, -127, -194, -1138, 897, 3811, 1019, -1909, -4935, -3366, 596, -1815, 8021, 10295, -4092, -6759, -3099, 1632, 2270, -877, -1308, -126, 1062, 173, -26, 245, -149, -210, 233, 412, -317, -594, -34, 399, 383, -70, -382, -164, 90, 106, 269, 141, -311, -171, 82, -1, -9, 27, 69, -6, -28, 32, 54, 91, -54, -144, -136, 31, 242, 41, -219, -90, 138, 36, 34, 154, -42, -156, -134, -11, 169, 70, -91, -75, 81, 134, -46, -106, -14, 49, -53, -106, 146, 193, -100, -130, -40, -50, 1, -4, 202, 248, -154, -287, -107, 125, 308, 172, -343, -364, 43, 118, 179, 64, 92, 191, -366, -527, 226]"
"[25, 36, 3, -37, -15, 28, -21, 3, 165, 160, 50, -627, -791, 556, 879, 216, -181, -409, -105, -213, -1189, 841, 3727, 1203, -1637, -5022, -3577, 538, -1650, 8051, 10103, -4234, -6744, -2835, 1782, 2103, -1001, -1282, -90, 1082, 186, -21, 251, -193, -251, 265, 443, -321, -626, -37, 419, 434, -18, -445, -243, 83, 140, 310, 139, -329, -165, 81, -46, -2, 98, 104, -26, -91, 2, 56, 90, -1, -105, -162, 24, 207, -19, -195, -48, 159, 50, 39, 159, -104, -224, -92, 63, 194, 35, -129, -42, 88, 77, -64, -74, 12, 27, -49, -81, 122, 172, -65, -110, -76, -74, 32, 50, 197, 195, -215, -304, -13, 213, 276, 118, -414, -415, 105, 169, 208, 92, 59, 157, -382, -528, 253]"
"[11, 16, 9, -23, -16, 9, -34, 13, 162, 166, 68, -614, -787, 525, 852, 231, -164, -399, -111, -224, -1198, 790, 3619, 1386, -1313, -5199, -4111, 648, -938, 8348, 9880, -5026, -7144, -2300, 2190, 1984, -1256, -1327, -36, 1170, 240, -1, 226, -270, -254, 316, 444, -321, -580, -60, 340, 429, 68, -411, -323, 32, 174, 377, 158, -369, -184, 73, -69, 14, 159, 124, -61, -151, -12, 82, 102, 29, -93, -204, -5, 235, 8, -186, -54, 144, 49, 30, 138, -80, -176, -103, 7, 159, 46, -45, 18, 33, 18, -89, -70, 75, 81, -94, -145, 113, 207, -28, -142, -116, -62, 102, 108, 160, 134, -282, -322, 84, 260, 243, 104, -428, -427, 120, 184, 202, 69, 57, 181, -361, -534, 218]"
"[4, 12, 4, -19, -17, 17, -16, 4, 133, 164, 104, -598, -814, 483, 842, 279, -127, -424, -143, -223, -1191, 782, 3577, 1426, -1265, -5273, -4272, 910, -371, 8213, 9394, -5462, -7162, -1715, 2471, 1543, -1659, -1107, 228, 1232, 238, -91, 124, -264, -153, 362, 360, -390, -541, 56, 404, 324, -6, -413, -330, 40, 147, 439, 259, -379, -229, 12, -112, 60, 241, 149, -96, -233, -66, 144, 178, 38, -142, -224, 60, 230, -88, -213, 2, 220, 77, -29, 83, -85, -147, -53, 7, 109, 41, 8, 55, -32, -59, -69, -14, 122, 66, -156, -156, 162, 232, -53, -157, -114, -65, 104, 138, 164, 93, -314, -289, 138, 266, 192, 69, -438, -429, 176, 216, 169, 68, 70, 151, -405, -537, 297]"
"[-1, -13, -31, 16, 43, 27, -42, -37, 128, 195, 115, -605, -811, 476, 831, 272, -138, -418, -126, -202, -1202, 722, 3517, 1528, -1147, -5397, -4674, 1177, 598, 8380, 8774, -6479, -7346, -835, 2750, 1113, -1956, -837, 491, 1222, 168, -172, 111, -223, -123, 352, 347, -395, -535, 61, 404, 299, -51, -395, -278, 101, 182, 352, 210, -362, -226, -16, -149, 127, 320, 114, -156, -262, -79, 218, 274, -7, -230, -242, 98, 231, -147, -190, 61, 254, 100, -74, 41, -109, -160, -31, -6, 123, 95, 41, 47, -134, -154, 2, 94, 180, 85, -272, -262, 193, 291, -2, -153, -144, -81, 117, 190, 173, 40, -386, -280, 229, 286, 127, 43, -424, -449, 205, 272, 174, 52, 22, 108, -370, -465, 307]"
"[-15, -1, -4, 19, 16, 5, -36, -4, 139, 171, 106, -607, -820, 492, 856, 260, -162, -423, -111, -190, -1209, 678, 3450, 1624, -985, -5495, -5067, 1328, 1433, 8657, 8341, -7551, -7752, 3, 3147, 891, -2128, -755, 577, 1203, 180, -166, 81, -265, -108, 385, 326, -426, -538, 104, 435, 279, -78, -396, -251, 114, 180, 308, 170, -364, -252, 16, -97, 180, 336, 35, -202, -219, -29, 194, 218, -19, -202, -194, 112, 170, -196, -140, 118, 256, 109, -119, -33, -104, -114, 24, 6, 109, 120, 13, -3, -151, -157, 68, 165, 135, 2, -300, -241, 250, 310, -20, -174, -165, -83, 164, 246, 125, -63, -391, -199, 296, 273, 44, -6, -392, -393, 249, 271, 96, 34, 50, 82, -379, -437, 350]"
"[-37, 28, 27, -2, -17, 9, -19, 4, 132, 180, 145, -605, -844, 439, 820, 299, -139, -397, -76, -208, -1242, 572, 3244, 1825, -567, -5498, -5520, 1223, 2148, 9004, 7835, -8521, -7951, 931, 3504, 511, -2290, -648, 603, 1165, 198, -118, 90, -314, -139, 415, 365, -407, -531, 67, 409, 296, -52, -398, -273, 98, 190, 345, 192, -385, -276, -7, -104, 226, 367, -7, -244, -198, 9, 215, 214, -73, -241, -149, 150, 154, -224, -129, 156, 260, 86, -167, -70, -63, -78, 38, 25, 93, 115, -17, -53, -139, -114, 115, 188, 81, -51, -304, -231, 292, 339, -42, -208, -171, -55, 205, 272, 69, -113, -392, -204, 329, 315, 59, -18, -445, -423, 299, 312, 107, 59, -8, -14, -363, -352, 403]"
"[-13, 22, 14, -2, -3, 6, -29, 10, 151, 165, 106, -604, -816, 464, 822, 270, -152, -389, -60, -208, -1265, 489, 3104, 2042, -215, -5562, -5660, 1035, 1922, 9041, 8019, -8268, -7870, 767, 3444, 409, -2393, -550, 689, 1172, 129, -97, 226, -309, -219, 325, 326, -364, -512, 91, 419, 320, 4, -445, -345, 58, 168, 416, 262, -398, -316, -27, -98, 233, 376, 17, -233, -241, -17, 228, 213, -54, -197, -154, 103, 117, -213, -67, 181, 223, 62, -180, -86, -31, -52, 35, 41, 90, 93, -67, -85, -94, -82, 133, 213, 49, -118, -312, -166, 347, 309, -109, -209, -123, -50, 199, 311, 50, -206, -422, -147, 434, 351, -43, -105, -428, -391, 358, 363, 55, -16, -21, 13, -305, -325, 349]"
"[-17, 32, 33, -11, -26, -4, -28, 29, 158, 162, 102, -616, -832, 482, 858, 285, -161, -441, -93, -163, -1227, 427, 2948, 2168, 107, -5518, -5764, 720, 1698, 9232, 8155, -8286, -7891, 964, 3629, 119, -2630, -483, 725, 1224, 153, -59, 285, -337, -277, 287, 344, -324, -511, 73, 405, 312, 5, -405, -312, 20, 139, 420, 250, -411, -326, 12, -50, 231, 348, -9, -221, -224, -19, 218, 193, -69, -191, -95, 130, 73, -229, -63, 185, 229, 65, -210, -137, 3, 12, 77, 46, 20, 62, -56, -109, -86, -47, 163, 198, -2, -129, -261, -139, 337, 328, -137, -273, -142, -35, 254, 316, 40, -173, -414, -166, 380, 300, 7, -36, -408, -391, 314, 340, 48, -17, -5, 1, -311, -306, 376]"
"[-25, 35, 35, -6, -24, -7, -24, 27, 165, 146, 53, -618, -786, 549, 875, 208, -199, -407, -48, -175, -1269, 331, 2755, 2377, 562, -5303, -5311, -257, -482, 9253, 9694, -6208, -7285, -630, 3041, -12, -2852, -307, 763, 1447, 433, -106, 125, -548, -366, 424, 444, -258, -484, -43, 300, 352, 102, -343, -327, -82, 89, 486, 312, -425, -369, 1, -43, 243, 341, -14, -214, -205, -23, 201, 209, -57, -201, -115, 145, 90, -250, -108, 172, 289, 97, -238, -154, -11, -15, 105, 97, 27, 38, -87, -96, -67, -56, 132, 181, 49, -71, -313, -227, 353, 377, -97, -250, -166, -44, 214, 253, 77, -68, -393, -263, 293, 322, 137, 37, -471, -444, 269, 324, 86, -26, 5, 57, -298, -358, 330]"
"[-15, 5, 6, 12, 5, 6, -27, -2, 125, 169, 141, -582, -834, 422, 813, 310, -134, -404, -41, -196, -1284, 307, 2717, 2427, 641, -5194, -4880, -720, -1912, 9145, 10758, -4786, -6952, -1894, 2500, 158, -2826, -218, 822, 1554, 515, -169, 84, -658, -472, 523, 559, -225, -476, -138, 163, 358, 215, -186, -281, -267, -36, 533, 359, -372, -339, -28, -66, 212, 331, 48, -161, -280, -130, 250, 332, -41, -290, -190, 175, 202, -186, -230, 52, 333, 165, -217, -175, -22, 7, 131, 121, -32, -40, -66, -41, -34, -69, 98, 176, 49, -87, -265, -153, 312, 311, -117, -242, -151, -61, 240, 289, 64, -81, -394, -268, 264, 286, 178, 98, -443, -440, 199, 289, 107, -26, 1, 47, -279, -329, 334]"
"[25, 4, -24, -20, 4, 41, -10, -16, 117, 158, 132, -566, -818, 411, 810, 326, -120, -438, -78, -181, -1253, 317, 2712, 2428, 599, -5129, -4324, -929, -3295, 8668, 11684, -3186, -6711, -3156, 2202, 456, -2854, -325, 849, 1691, 520, -268, 62, -613, -473, 527, 589, -208, -452, -192, 57, 368, 314, -114, -311, -378, -106, 606, 446, -328, -313, -100, -126, 185, 312, 106, -108, -290, -162, 223, 339, 1, -280, -213, 174, 219, -168, -252, 24, 325, 172, -195, -166, -43, -31, 144, 168, -1, -51, -117, -48, -4, -70, 77, 149, 74, -34, -254, -194, 269, 342, -69, -249, -192, -57, 238, 241, 86, -8, -387, -322, 229, 285, 209, 135, -417, -433, 149, 275, 115, -47, -8, 47, -238, -288, 313]"
"[13, 18, 3, -22, -7, 13, -37, 4, 165, 167, 64, -617, -782, 527, 848, 217, -180, -395, -11, -163, -1254, 33, 2031, 2895, 1826, -4712, -4422, -2134, -4389, 8745, 12119, -2224, -6645, -3594, 2516, 737, -2924, -861, 574, 1910, 663, -229, 39, -623, -454, 491, 535, -173, -408, -187, 56, 373, 333, -138, -318, -389, -135, 593, 438, -271, -250, -122, -173, 137, 301, 166, -84, -313, -182, 234, 363, 14, -286, -253, 147, 276, -85, -288, -92, 299, 265, -107, -186, -161, -82, 198, 178, 23, 0, -105, -50, -69, -112, 86, 137, 101, 7, -217, -170, 200, 278, -53, -199, -173, -102, 194, 212, 161, 126, -367, -396, 63, 213, 351, 231, -414, -442, 78, 237, 152, -32, -6, 84, -249, -340, 290]"
"[-2, -10, -9, 0, -9, 16, -21, 11, 149, 171, 127, -616, -838, 470, 848, 270, -162, -401, -8, -157, -1190, -63, 1711, 2977, 2196, -4396, -3986, -2602, -5498, 8187, 12568, -876, -6674, -4468, 2721, 1546, -2569, -1649, -10, 1924, 724, 59, 206, -625, -503, 368, 523, -107, -397, -245, -6, 435, 425, -116, -353, -482, -177, 684, 506, -305, -283, -130, -158, 125, 264, 165, -61, -270, -160, 182, 315, 47, -247, -283, 105, 323, -6, -316, -151, 243, 239, -22, -107, -176, -118, 137, 139, 76, 24, -92, -11, -55, -115, 34, 102, 113, 23, -198, -162, 180, 259, -26, -140, -202, -161, 161, 174, 196, 198, -286, -379, -65, 121, 413, 314, -375, -466, -2, 227, 221, 7, -51, 39, -264, -328, 349]"
"[9, -6, -10, -7, 2, 12, -40, -7, 128, 212, 200, -616, -893, 377, 813, 383, -92, -444, -29, -158, -1180, -155, 1476, 3136, 2598, -4267, -4070, -2957, -5639, 8313, 12673, -1033, -7255, -4358, 3312, 2230, -2268, -2427, -500, 1960, 773, 213, 291, -589, -519, 269, 496, -40, -354, -299, -87, 458, 447, -56, -217, -510, -334, 550, 500, -108, -169, -201, -193, 94, 199, 150, -8, -191, -164, 101, 273, 83, -205, -251, 110, 298, 26, -346, -252, 233, 300, 85, -60, -283, -188, 157, 145, 85, 36, -74, -9, -65, -99, -8, 14, 136, 107, -133, -156, 102, 200, -31, -113, -114, -104, 48, 41, 225, 294, -178, -336, -225, -34, 468, 419, -276, -431, -115, 153, 235, -3, -6, 133, -259, -418, 268]"
"[-15, -10, -9, 24, 26, 8, -36, -15, 109, 186, 190, -558, -849, 339, 780, 381, -102, -449, -32, -112, -1098, -242, 1220, 3171, 2864, -3988, -3878, -3331, -6024, 8185, 12754, -740, -7470, -4606, 3458, 2910, -1817, -2952, -862, 1850, 681, 347, 417, -455, -466, 106, 385, -14, -314, -266, -99, 463, 455, -55, -163, -520, -409, 516, 542, -62, -173, -246, -220, 109, 200, 157, 12, -169, -175, 59, 287, 133, -224, -328, 61, 400, 139, -351, -303, 135, 257, 177, 33, -310, -250, 91, 104, 154, 93, -53, 3, -91, -97, -27, -30, 140, 138, -80, -128, 32, 127, -5, -36, -76, -126, -41, -32, 246, 338, -48, -225, -393, -231, 488, 504, -138, -362, -216, 90, 227, -14, 18, 184, -253, -459, 224]"
"[-1, -22, -24, 7, 7, 21, -23, 11, 148, 165, 140, -600, -850, 412, 820, 338, -128, -436, -21, -123, -1122, -190, 1367, 3104, 2616, -4018, -3571, -3197, -6249, 7791, 12592, -336, -7306, -4769, 3331, 3226, -1414, -3129, -1060, 1672, 558, 364, 445, -256, -363, -24, 306, 12, -250, -273, -175, 428, 463, 16, -78, -512, -464, 398, 518, 48, -150, -284, -206, 134, 208, 114, -21, -156, -160, 63, 274, 132, -219, -334, 63, 413, 135, -361, -299, 134, 251, 179, 19, -315, -236, 107, 102, 148, 100, -68, -5, -83, -94, -22, -25, 127, 120, -76, -123, 56, 168, -9, -66, -124, -138, 3, -20, 226, 321, -22, -197, -403, -253, 470, 500, -104, -327, -249, 33, 227, 29, 49, 149, -287, -423, 273]"
"[-39, -3, 14, 17, -3, 7, -29, 12, 149, 170, 147, -600, -853, 403, 813, 338, -141, -418, 14, -127, -1144, -228, 1313, 3154, 2680, -3974, -3448, -3128, -6171, 7325, 11986, -101, -6937, -4458, 3376, 3060, -1361, -3120, -1107, 1580, 541, 359, 391, -187, -287, -41, 270, -2, -219, -261, -226, 384, 472, 96, -10, -533, -514, 299, 466, 175, -40, -349, -314, 133, 257, 161, -19, -178, -146, 61, 257, 123, -214, -330, 58, 393, 92, -332, -233, 163, 245, 127, -3, -288, -201, 74, 23, 171, 170, -38, -31, -115, -98, -14, -11, 133, 103, -92, -105, 73, 136, -24, -29, -95, -148, -43, -53, 258, 369, -30, -259, -406, -167, 505, 451, -190, -349, -185, 74, 229, -6, 6, 170, -203, -398, 181]"
"[0, 5, 0, -15, -7, 25, -21, -3, 142, 175, 117, -618, -825, 481, 847, 273, -147, -420, -26, -139, -1114, -194, 1308, 3104, 2692, -3990, -3814, -3139, -5548, 8006, 12030, -1257, -7500, -3902, 3612, 3015, -1372, -3021, -1004, 1493, 451, 284, 330, -68, -175, -49, 249, -42, -250, -283, -223, 437, 465, 51, -11, -444, -418, 225, 342, 148, 27, -276, -332, 78, 266, 175, -52, -157, -71, 51, 181, 85, -178, -265, 69, 353, 70, -355, -263, 221, 308, 93, -41, -281, -188, 56, 10, 194, 180, -46, -23, -95, -86, -42, -33, 141, 109, -93, -117, 88, 174, -45, -82, -91, -113, -29, -42, 271, 369, -102, -317, -345, -113, 532, 480, -253, -413, -171, 85, 237, 30, 41, 156, -288, -434, 244]"
"[-20, -16, 0, 19, 4, -2, -32, 20, 155, 148, 95, -589, -802, 467, 841, 266, -167, -416, 0, -126, -1129, -215, 1316, 3130, 2704, -4059, -4024, -3030, -5132, 8208, 11940, -1788, -7794, -3648, 3748, 3093, -1310, -3015, -1022, 1382, 403, 371, 381, -117, -217, -13, 295, -57, -272, -295, -227, 427, 400, 55, 55, -328, -374, 88, 276, 180, 50, -254, -332, 34, 251, 222, -37, -183, -73, 43, 153, 114, -125, -283, 25, 343, 79, -332, -231, 215, 264, 76, -14, -262, -214, 61, 58, 199, 148, -87, -25, -63, -81, -45, -13, 134, 92, -123, -132, 117, 185, -32, -68, -107, -130, -17, -26, 259, 356, -100, -319, -337, -88, 536, 473, -292, -467, -156, 134, 297, 30, -23, 156, -241, -425, 199]"
"[-13, 10, -7, -10, 8, 44, -14, -36, 101, 203, 201, -589, -871, 361, 794, 365, -104, -413, -2, -156, -1122, -255, 1177, 3172, 2918, -3986, -4311, -3170, -4729, 8641, 11908, -2572, -8294, -3131, 4236, 3083, -1493, -3157, -1001, 1412, 381, 411, 405, -130, -217, -17, 282, -47, -245, -311, -237, 423, 363, 18, 59, -224, -330, 7, 227, 228, 107, -248, -341, -32, 200, 256, -6, -169, -69, 38, 152, 97, -127, -264, 24, 317, 67, -311, -214, 198, 224, 86, 34, -244, -241, 40, 73, 209, 141, -98, -33, -46, -49, -58, -52, 109, 74, -66, -60, 114, 145, -100, -86, -43, -93, -49, -48, 268, 353, -123, -333, -291, -49, 516, 435, -314, -446, -103, 144, 237, 5, 12, 153, -262, -422, 232]"
"[-17, 8, 16, 12, 15, 3, -41, -25, 118, 205, 157, -603, -835, 441, 837, 289, -160, -423, -9, -101, -1062, -301, 1045, 3196, 3120, -3961, -4668, -3303, -4314, 9207, 12027, -3452, -8849, -2672, 4602, 3032, -1659, -3150, -907, 1458, 394, 328, 322, -105, -160, 10, 253, -62, -212, -294, -236, 420, 376, -55, -47, -126, -170, -15, 109, 184, 163, -177, -339, -104, 168, 294, 15, -178, -64, 37, 113, 90, -81, -224, 13, 247, 24, -253, -136, 197, 166, 28, 14, -172, -167, 54, 86, 99, 27, -52, 47, -10, -79, -96, -38, 139, 74, -86, -63, 112, 125, -92, -63, -28, -101, -65, -27, 293, 353, -164, -356, -276, -26, 525, 434, -356, -503, -76, 192, 268, 3, -21, 153, -246, -406, 216]"
"[-34, 11, 26, 5, 0, 0, -42, -12, 123, 198, 164, -598, -845, 421, 829, 307, -153, -423, -10, -111, -1068, -264, 1098, 3138, 3100, -4015, -5270, -3255, -3126, 10311, 11966, -5715, -10204, -1281, 5682, 2990, -2002, -3350, -801, 1517, 349, 301, 323, -95, -168, 26, 279, -59, -200, -323, -292, 432, 444, -64, -158, -110, -34, 12, 13, 114, 190, -108, -315, -109, 189, 243, -68, -171, 16, 96, 73, 1, -86, -142, 46, 191, -32, -219, -82, 191, 135, 34, 42, -198, -195, 93, 119, 65, 3, -28, 51, -29, -83, -69, -3, 128, 25, -116, -31, 165, 116, -144, -64, 18, -72, -97, -63, 276, 319, -130, -291, -232, -12, 460, 386, -386, -527, 4, 263, 237, -42, -51, 136, -203, -370, 201]"
"[2, 26, 25, -23, -24, 8, -24, 7, 123, 184, 166, -585, -832, 390, 783, 311, -121, -386, -5, -146, -1064, -299, 939, 3179, 3367, -3922, -5723, -3430, -2362, 10981, 11702, -7052, -10744, -258, 6281, 2649, -2356, -3314, -649, 1595, 336, 232, 281, -77, -128, 46, 254, -81, -191, -316, -300, 471, 517, -134, -294, -111, 55, 105, 6, 16, 158, -40, -267, -142, 168, 242, -81, -179, 22, 129, 91, -32, -113, -133, 62, 199, -46, -231, -64, 208, 104, 8, 71, -142, -194, 54, 146, 43, -78, -16, 115, -15, -139, -77, 25, 156, 60, -111, -49, 74, 54, -49, 20, -15, -154, -119, -28, 347, 356, -185, -337, -228, 22, 490, 382, -451, -573, 65, 309, 232, -24, -58, 98, -239, -365, 248]"
"[-15, 15, 20, 0, -8, -5, -33, 18, 137, 157, 137, -561, -796, 381, 760, 304, -126, -384, 8, -127, -1031, -368, 773, 3224, 3520, -3837, -5600, -3402, -2577, 10445, 11455, -6235, -10125, -571, 5975, 2433, -2378, -3139, -638, 1516, 322, 326, 331, -135, -162, 65, 261, -84, -154, -318, -380, 460, 634, -79, -396, -255, 38, 283, 100, -79, 86, -11, -224, -149, 143, 233, -84, -164, 49, 144, 93, -80, -132, -110, 59, 164, -82, -172, 2, 203, 69, -22, 96, -125, -247, 37, 224, 89, -141, -108, 115, 83, -95, -114, 3, 147, 62, -100, -56, 83, 89, -44, -11, -66, -170, -49, 32, 316, 311, -206, -339, -205, 48, 500, 368, -495, -592, 107, 341, 208, -64, -55, 121, -208, -350, 211]"
"[-5, 31, 21, -22, -20, 11, -25, 9, 130, 182, 168, -581, -836, 368, 783, 346, -116, -424, -18, -100, -968, -396, 620, 3181, 3656, -3671, -5728, -3604, -2479, 10852, 11660, -6664, -10252, -432, 5852, 2166, -2452, -2812, -520, 1450, 327, 338, 335, -199, -211, 119, 308, -90, -158, -332, -407, 454, 682, -28, -400, -376, -47, 389, 201, -100, 23, -33, -187, -111, 150, 204, -91, -187, -1, 165, 131, -48, -114, -128, 35, 144, -66, -147, 2, 173, 26, -22, 120, -50, -195, -15, 184, 58, -160, -73, 133, 81, -93, -119, 1, 144, 49, -107, -46, 101, 92, -65, -23, -47, -139, -64, -16, 300, 335, -142, -289, -268, -13, 486, 350, -456, -542, 126, 346, 178, -79, -88, 88, -181, -329, 240]"
"[10, 35, 11, -29, -21, 19, -5, 10, 118, 153, 151, -560, -810, 379, 764, 318, -123, -382, 41, -108, -971, -495, 390, 3255, 3928, -3325, -5049, -4236, -4294, 10144, 12340, -4239, -8999, -1938, 4915, 1860, -2544, -2420, -371, 1516, 354, 263, 331, -201, -234, 112, 304, -87, -174, -298, -349, 447, 673, -51, -435, -414, -56, 462, 247, -150, -14, -25, -204, -125, 160, 280, -40, -267, -81, 206, 220, -45, -182, -187, 35, 245, 14, -212, -69, 160, 42, -13, 104, -25, -173, -71, 126, 144, -53, -100, 86, 26, -114, -87, 4, 154, 89, -105, -91, 77, 125, -33, -45, -80, -131, -41, -27, 278, 326, -97, -235, -311, -96, 491, 417, -401, -533, 60, 317, 184, -89, -77, 96, -158, -296, 219]"
"[10, 38, 22, -38, -26, 18, -17, 0, 97, 191, 234, -553, -867, 274, 719, 428, -39, -407, -8, -158, -1056, -371, 753, 3246, 3511, -3672, -4740, -3843, -4886, 9660, 12703, -3179, -8432, -2679, 4418, 1559, -2796, -2075, -113, 1671, 390, 109, 293, -203, -247, 129, 323, -95, -200, -293, -328, 427, 639, 10, -349, -500, -211, 508, 396, -87, -59, -135, -228, -87, 158, 294, -10, -276, -134, 185, 256, 33, -153, -257, -2, 253, 15, -202, -33, 177, 2, -84, 94, 71, -104, -111, 87, 96, -90, -53, 138, 41, -128, -132, -3, 177, 74, -115, -79, 99, 134, -38, -37, -103, -169, -24, -2, 291, 330, -82, -202, -361, -163, 493, 425, -369, -507, 70, 316, 172, -67, -108, 30, -152, -258, 257]"
"[16, 4, -4, -28, -14, 28, -12, -8, 115, 168, 129, -578, -794, 448, 800, 249, -153, -366, 32, -139, -1037, -390, 670, 3241, 3587, -3547, -4422, -4049, -5733, 9327, 13199, -2095, -8097, -3465, 4107, 1532, -2902, -1951, -32, 1760, 463, 45, 215, -250, -237, 216, 363, -175, -278, -219, -202, 379, 509, -6, -283, -439, -205, 480, 404, -109, -102, -132, -193, -64, 117, 281, 39, -245, -150, 157, 275, 31, -184, -268, -3, 265, 13, -189, -14, 186, 12, -127, 39, 111, -38, -122, 32, 98, -40, -43, 101, 5, -124, -87, 10, 158, 84, -120, -105, 92, 152, -36, -66, -96, -133, -4, 9, 260, 292, -104, -215, -292, -75, 458, 330, -421, -485, 153, 325, 138, -51, -101, 0, -162, -225, 281]"
"[-2, 33, 28, -27, -36, 18, 4, 22, 163, 108, -27, -578, -657, 600, 823, 89, -211, -344, 35, -104, -927, -502, 199, 3244, 4077, -2980, -4090, -4712, -6569, 8987, 13409, -1017, -7780, -4185, 3916, 1848, -2780, -2125, -101, 1773, 443, 40, 215, -196, -190, 170, 293, -183, -255, -165, -175, 368, 501, -40, -296, -405, -201, 448, 406, -67, -100, -175, -170, -45, 44, 233, 86, -143, -135, 77, 249, 55, -163, -277, -46, 274, 85, -170, -76, 131, 54, -94, -16, 96, 12, -96, 23, 55, -98, -30, 164, 76, -117, -188, -55, 205, 127, -91, -91, 45, 107, -9, -27, -86, -126, -40, -49, 248, 332, -13, -174, -406, -184, 508, 414, -371, -479, 82, 286, 164, -19, -114, -38, -167, -206, 316]"
"[20, -1, -34, -21, 10, 45, -16, -22, 127, 166, 87, -586, -758, 501, 830, 192, -202, -376, 44, -80, -933, -508, 273, 3274, 3925, -3069, -3548, -4482, -7385, 7903, 13506, 584, -7589, -5251, 3899, 2845, -2275, -2895, -624, 1765, 513, 228, 275, -208, -222, 115, 299, -134, -235, -192, -206, 353, 494, 17, -218, -445, -292, 404, 421, 25, -65, -211, -146, -39, -12, 167, 90, -50, -110, 11, 205, 105, -104, -290, -83, 257, 115, -159, -104, 134, 103, -117, -103, 99, 83, -43, 6, -3, -101, -16, 132, 84, -57, -157, -64, 135, 97, -56, -85, 28, 84, 26, 26, -76, -114, -99, -139, 228, 352, 109, -74, -500, -321, 506, 517, -272, -470, -49, 210, 224, 31, -97, -22, -211, -274, 323]"
"[-4, -31, -12, 21, 21, 2, -44, -9, 130, 185, 145, -578, -802, 408, 786, 301, -111, -414, -19, -113, -902, -482, 201, 3242, 3982, -2905, -3432, -4645, -7436, 7918, 13592, 370, -8304, -5334, 4367, 3891, -1752, -3715, -1085, 1690, 502, 390, 325, -180, -205, 67, 288, -109, -215, -224, -296, 367, 588, 74, -238, -506, -290, 393, 366, 51, -14, -192, -142, -46, -10, 118, 38, -22, -69, 21, 165, 101, -50, -263, -104, 209, 124, -131, -133, 107, 138, -75, -133, 55, 98, -28, -22, 39, 8, -77, -12, 51, 21, -62, -91, 60, 106, -12, -99, 17, 118, 41, 20, -105, -109, -95, -163, 174, 281, 221, 102, -539, -479, 414, 563, -123, -413, -156, 119, 234, 59, -25, 49, -247, -328, 270]"
"[1, -6, -2, -2, -5, 6, -25, 12, 132, 159, 138, -565, -793, 394, 762, 305, -101, -388, 3, -122, -891, -523, 93, 3266, 4058, -2718, -2977, -4861, -8166, 7318, 13618, 1459, -8042, -6147, 4031, 4732, -1099, -4116, -1347, 1515, 386, 409, 324, -30, -139, -18, 268, -56, -176, -290, -402, 357, 643, 191, -182, -588, -318, 386, 324, 28, -20, -114, -64, -43, -9, 23, -34, 39, 6, 5, 95, 69, -39, -187, -76, 173, 127, -105, -148, 51, 150, -1, -121, -41, 51, 44, -4, 27, 35, -46, -4, 0, -20, -51, -70, 78, 96, -28, -74, 44, 108, -28, -35, -27, -1, -103, -238, 79, 239, 352, 232, -592, -608, 360, 592, -1, -330, -219, 56, 196, 31, 16, 117, -217, -362, 197]"
"[-10, -36, -29, 22, 24, 28, -13, -22, 103, 170, 158, -558, -807, 394, 796, 302, -135, -407, 0, -95, -899, -490, 240, 3246, 3825, -2835, -2665, -4581, -8325, 6718, 13367, 1981, -7872, -6444, 3884, 5209, -734, -4418, -1542, 1537, 453, 356, 223, 6, -76, -11, 239, -41, -99, -306, -507, 280, 674, 327, -157, -670, -325, 424, 330, -24, -67, -97, -52, 9, 49, -13, -90, -3, 4, 91, 165, -16, -165, -168, 16, 268, 159, -232, -244, 81, 183, 63, -63, -104, -23, 32, 9, 81, 85, -79, -68, -19, 4, -16, -79, 62, 112, -2, -67, 1, 82, -3, -28, -30, 34, -79, -257, 0, 183, 420, 304, -604, -672, 347, 634, 48, -306, -266, 8, 180, 45, 69, 141, -265, -402, 210]"
"[-31, 14, 27, 24, 8, -24, -56, 9, 159, 185, 102, -617, -789, 490, 826, 243, -160, -403, 5, -83, -926, -473, 412, 3259, 3604, -3074, -2834, -4191, -7618, 6793, 12847, 1128, -8102, -5614, 4277, 5014, -868, -4477, -1513, 1583, 450, 315, 218, 40, -68, -59, 195, 0, -51, -287, -505, 213, 612, 385, -70, -705, -403, 442, 397, -45, -115, -92, -70, 25, 137, 26, -150, -124, -17, 233, 257, -118, -260, -147, 67, 270, 101, -240, -208, 135, 208, 36, -63, -146, -84, 72, 72, 80, 42, -84, -29, -6, -20, -44, -89, 90, 136, 11, -46, -16, 64, -48, -82, -1, 62, -37, -221, -5, 207, 349, 190, -568, -560, 409, 627, -53, -368, -229, 38, 188, 37, 74, 149, -275, -418, 225]"
"[-3, 0, 13, 7, -12, -9, -34, 30, 167, 151, 67, -602, -760, 507, 815, 214, -155, -379, -3, -120, -949, -426, 483, 3233, 3614, -3181, -3412, -4244, -6836, 7925, 13110, -553, -8946, -4752, 4775, 4714, -1193, -4347, -1351, 1646, 451, 267, 204, 52, -43, -67, 174, 6, -32, -315, -541, 261, 674, 356, -115, -707, -410, 436, 420, 15, -115, -189, -131, 108, 226, 48, -157, -234, -97, 315, 345, -136, -319, -165, 93, 294, 92, -250, -194, 120, 174, 54, -21, -149, -138, 73, 133, 99, 12, -116, -19, -3, -40, -25, -54, 65, 77, 21, 7, 7, 36, -75, -60, 33, 66, -83, -250, 41, 251, 306, 126, -540, -512, 426, 635, -92, -425, -217, 85, 214, 29, 51, 152, -288, -447, 235]"
"[-12, 29, 19, -13, -13, 16, -14, -1, 126, 162, 124, -590, -820, 446, 825, 300, -127, -419, -17, -121, -972, -406, 570, 3248, 3615, -3394, -3971, -4069, -6003, 8544, 12917, -1661, -9184, -3939, 5103, 4099, -1648, -4049, -1102, 1670, 394, 275, 279, -11, -135, -34, 251, 6, -93, -349, -520, 343, 730, 295, -170, -745, -447, 496, 492, 42, -105, -264, -211, 96, 224, 158, -49, -281, -185, 262, 373, -62, -306, -213, 95, 287, 8, -246, -110, 210, 185, -48, -75, -125, -120, 93, 155, 95, -16, -143, -19, 24, -40, -23, -26, 63, 49, -20, -25, 74, 114, -87, -83, -6, 41, -97, -272, 98, 314, 265, 36, -530, -421, 495, 642, -237, -541, -130, 188, 234, 3, 10, 130, -264, -390, 233]"
"[-26, 20, 27, 9, -5, -7, -39, 6, 141, 181, 127, -593, -792, 437, 796, 265, -155, -386, 28, -100, -999, -441, 640, 3269, 3550, -3589, -4526, -3802, -4917, 9254, 12665, -3226, -9739, -2872, 5597, 3607, -2007, -3835, -958, 1635, 361, 373, 381, -103, -228, -30, 274, 24, -118, -341, -459, 359, 676, 243, -135, -688, -472, 441, 499, 94, -89, -285, -215, 75, 204, 166, -58, -251, -141, 250, 339, -71, -295, -214, 100, 294, -12, -276, -116, 262, 227, -71, -109, -135, -109, 121, 177, 54, -68, -131, 23, 62, -40, -65, -31, 98, 65, -54, -38, 76, 91, -73, -42, -6, -15, -110, -214, 151, 306, 171, -29, -453, -332, 486, 606, -278, -556, -105, 192, 227, 9, 35, 146, -287, -406, 225]"
"[-26, 6, 16, 1, -13, 30, 14, -11, 106, 141, 104, -567, -776, 472, 824, 241, -157, -407, -19, -115, -1022, -358, 822, 3253, 3448, -3885, -5220, -3496, -3605, 10139, 12302, -5135, -10339, -1580, 6095, 3052, -2386, -3582, -732, 1657, 335, 351, 412, -167, -292, 6, 306, 29, -127, -347, -425, 384, 632, 158, -139, -569, -418, 350, 434, 142, -31, -305, -240, 80, 194, 135, -53, -182, -104, 162, 257, -20, -223, -174, 117, 207, -98, -240, -49, 296, 237, -118, -152, -133, -82, 144, 172, 47, -53, -133, 2, 43, -63, -20, 46, 99, 19, -130, -58, 143, 130, -102, -80, -20, -34, -66, -137, 189, 295, 59, -88, -377, -260, 484, 560, -359, -588, 22, 289, 131, -96, 67, 202, -268, -395, 207]"
"[-10, 5, 13, 2, -6, -4, -39, 22, 165, 160, 74, -602, -761, 488, 800, 226, -145, -373, -9, -151, -1084, -287, 1040, 3213, 3260, -4185, -6043, -3025, -1670, 11156, 11519, -7840, -11245, 318, 6891, 2553, -2723, -3473, -565, 1707, 314, 274, 387, -130, -243, 4, 271, -13, -137, -312, -399, 411, 644, 68, -242, -463, -249, 339, 336, 63, -19, -269, -250, 112, 234, 80, -119, -142, -21, 156, 191, -54, -205, -128, 134, 157, -165, -171, 57, 264, 165, -128, -139, -122, -59, 156, 146, 7, -52, -99, 17, -1, -155, 9, 157, 181, 41, -242, -127, 133, 117, -59, -49, -10, -63, -89, -90, 224, 255, -11, -95, -283, -168, 420, 455, -401, -579, 105, 333, 127, -74, 15, 111, -269, -334, 289]"
"[-19, -6, 16, 13, -1, -11, -49, 14, 169, 161, 40, -597, -714, 532, 812, 156, -194, -356, 10, -117, -1054, -320, 991, 3200, 3290, -4223, -6426, -2840, -690, 11485, 10881, -9010, -11403, 1316, 7133, 2138, -2844, -3237, -436, 1581, 231, 308, 425, -149, -279, 30, 313, -5, -142, -365, -459, 490, 789, 15, -426, -514, -136, 507, 359, -136, -144, -134, -105, 97, 173, -6, -197, -70, 115, 199, 112, -191, -212, -3, 167, 87, -195, -140, 88, 247, 116, -138, -123, -66, -4, 124, 85, -18, -22, -71, -22, 5, -89, -5, 99, 187, 78, -257, -161, 156, 165, -63, -82, -60, -108, -21, 23, 244, 195, -116, -127, -216, -133, 445, 454, -455, -586, 155, 339, 69, -105, 67, 153, -292, -376, 294]"
"[18, 7, -3, -20, -17, 26, 0, 4, 130, 132, 51, -565, -713, 507, 780, 192, -122, -349, -21, -185, -1091, -284, 1000, 3231, 3283, -4149, -5887, -2998, -1890, 10765, 11310, -7173, -10521, 35, 6266, 2204, -2573, -2964, -477, 1416, 231, 414, 449, -230, -310, 69, 324, -15, -113, -367, -518, 451, 814, 82, -408, -561, -191, 517, 427, -100, -183, -204, -135, 157, 238, 17, -186, -158, 12, 230, 182, -139, -202, -35, 150, 79, -180, -135, 75, 231, 83, -139, -114, -8, 43, 101, 77, -54, -68, -50, 23, 36, -79, -48, 71, 173, 31, -249, -118, 264, 243, -181, -177, -48, -77, -11, -2, 251, 230, -115, -152, -215, -84, 439, 397, -492, -589, 202, 378, 92, -103, -15, 105, -213, -312, 243]"
"[1, 22, 22, -12, -27, 2, -19, 21, 151, 148, 72, -587, -753, 498, 828, 214, -184, -401, 4, -103, -1070, -332, 994, 3221, 3268, -4072, -5726, -3271, -2490, 11046, 12040, -6932, -10604, -486, 5887, 2263, -2410, -2676, -410, 1257, 195, 439, 434, -281, -329, 150, 377, -36, -99, -403, -596, 416, 806, 177, -332, -547, -193, 423, 369, -54, -133, -184, -150, 85, 208, 105, -131, -214, -33, 254, 215, -129, -206, -85, 100, 132, -114, -147, 36, 226, 112, -126, -98, -45, -1, 95, 62, -30, -15, -28, -11, -16, -49, -2, 36, 108, 37, -170, -124, 199, 231, -95, -127, -77, -59, -36, -75, 225, 278, -41, -148, -312, -171, 506, 494, -463, -628, 143, 384, 141, -78, -51, 75, -221, -324, 271]"
"[-21, 36, 34, -7, -19, -2, -26, 16, 155, 162, 84, -602, -773, 490, 813, 223, -162, -377, 14, -124, -1054, -372, 843, 3274, 3452, -3820, -5013, -3762, -4251, 10123, 12458, -4337, -9133, -1972, 4869, 1993, -2401, -2345, -318, 1308, 217, 361, 422, -235, -313, 82, 320, 13, -46, -408, -606, 391, 781, 179, -313, -524, -197, 385, 341, -6, -75, -182, -161, 14, 127, 150, -54, -171, -46, 204, 228, -121, -245, -121, 97, 224, -23, -227, -79, 213, 129, -40, -17, -86, -69, 66, 62, -29, -23, 45, 51, -100, -130, 33, 73, 129, 89, -184, -192, 117, 206, 3, -77, -100, -69, -52, -119, 244, 351, 6, -144, -407, -259, 527, 553, -373, -585, 40, 306, 164, -58, -17, 108, -220, -331, 205]"
"[-35, 39, 42, -9, -20, 3, -21, 3, 130, 156, 101, -554, -737, 423, 750, 248, -134, -373, -12, -123, -1067, -270, 1154, 3182, 2961, -4070, -4484, -3377, -5127, 9406, 12932, -2890, -8549, -3048, 4280, 2022, -2380, -2181, -237, 1377, 248, 263, 368, -213, -292, 104, 342, -4, -68, -402, -581, 369, 753, 191, -328, -521, -143, 405, 273, -38, -9, -125, -190, -54, 119, 192, -44, -178, -30, 194, 200, -114, -220, -118, 72, 219, 20, -209, -107, 153, 121, -6, -20, -80, -66, 70, 101, -32, -78, 38, 114, -75, -148, -30, 5, 141, 99, -99, -100, 91, 161, -61, -106, -58, -26, -44, -152, 183, 327, 95, -72, -459, -314, 521, 561, -366, -588, 53, 327, 171, -47, -61, 47, -211, -305, 257]"
"[4, 7, -12, -13, 11, 35, -21, -15, 156, 143, 8, -589, -684, 576, 820, 121, -188, -352, 9, -130, -1038, -370, 784, 3276, 3434, -3663, -4083, -4021, -6428, 8981, 13605, -1269, -8140, -4252, 3898, 2279, -2349, -2213, -225, 1445, 267, 198, 310, -171, -218, 130, 323, -93, -130, -328, -516, 358, 751, 210, -330, -618, -228, 512, 402, -58, -87, -171, -142, -25, 64, 156, -16, -132, -47, 174, 236, -95, -238, -156, 56, 241, 40, -184, -92, 112, 86, 12, 19, -82, -115, 69, 170, -13, -141, -13, 150, -31, -176, -66, -2, 174, 155, -65, -113, -4, 123, 12, -54, -99, -84, -27, -111, 186, 290, 111, 2, -466, -397, 478, 591, -292, -558, 16, 294, 149, -44, -31, 40, -212, -270, 280]"
"[12, 40, 21, -31, -18, 16, -26, 5, 163, 148, 39, -598, -728, 547, 840, 166, -198, -385, 11, -74, -852, -532, 96, 3263, 4212, -2953, -4084, -4973, -7061, 9278, 14223, -900, -8510, -4883, 3959, 2894, -2161, -2535, -364, 1454, 265, 232, 335, -159, -225, 94, 285, -57, -85, -303, -521, 307, 739, 265, -281, -693, -326, 536, 469, -10, -93, -226, -159, 1, 63, 151, 1, -124, -88, 169, 291, -64, -259, -196, 60, 248, 23, -178, -86, 120, 100, 11, 7, -87, -112, 56, 150, 29, -100, -48, 121, -7, -144, -93, -52, 179, 178, -39, -79, -25, 46, -13, 2, -18, -64, -104, -156, 181, 277, 164, 80, -491, -479, 410, 578, -174, -483, -17, 282, 116, -75, -36, 44, -193, -253, 272]"
"[30, -6, -23, -15, 8, 26, -32, 1, 167, 155, 38, -595, -701, 525, 788, 147, -187, -337, 29, -88, -833, -562, -14, 3276, 4303, -2847, -3843, -5129, -7748, 9064, 14913, -136, -8845, -5853, 3836, 3722, -1728, -2859, -614, 1329, 233, 345, 383, -124, -195, 59, 263, -95, -114, -261, -465, 286, 672, 280, -188, -688, -407, 472, 465, 79, -21, -261, -226, -23, 107, 188, -13, -163, -109, 179, 304, -24, -242, -222, 70, 251, 12, -216, -109, 121, 63, 53, 95, -67, -145, -25, 122, 82, -72, -59, 107, 9, -114, -107, -70, 164, 173, -11, -46, -66, -35, -11, 60, 56, -45, -177, -187, 173, 230, 201, 181, -463, -560, 304, 599, -42, -458, -102, 273, 151, -79, -51, 56, -192, -279, 272]"
"[13, -10, -30, -8, 21, 42, -24, -44, 103, 205, 166, -589, -814, 412, 784, 293, -118, -389, 5, -97, -762, -610, -326, 3222, 4670, -2424, -4014, -5785, -7782, 9942, 15593, -1121, -10126, -5670, 4547, 4484, -1550, -3414, -823, 1313, 222, 390, 362, -91, -142, 56, 225, -121, -116, -213, -424, 246, 592, 296, -92, -647, -459, 381, 455, 161, 4, -289, -219, -24, 71, 180, 22, -133, -126, 141, 316, 0, -279, -251, 100, 321, 21, -279, -113, 153, 43, 6, 84, 5, -87, -76, 50, 78, -48, -14, 134, 9, -86, -160, -163, 148, 188, 72, 16, -83, -75, -66, 44, 138, 47, -224, -283, 113, 221, 297, 269, -475, -638, 207, 586, 112, -360, -211, 177, 174, -34, -39, 54, -203, -287, 268]"
"[21, -2, -11, -23, -14, 24, -10, 4, 120, 161, 143, -566, -791, 397, 761, 307, -87, -394, -23, -88, -643, -661, -694, 3132, 4966, -1895, -3608, -6308, -8516, 9534, 15641, -171, -9832, -6195, 4478, 4805, -1466, -3674, -851, 1404, 195, 283, 314, 13, -97, 16, 211, -99, -87, -229, -467, 217, 600, 372, -37, -703, -498, 385, 452, 143, 1, -261, -210, -31, 75, 164, 3, -119, -123, 134, 329, 20, -279, -282, 89, 334, 30, -269, -112, 137, 31, 23, 117, 5, -117, -111, 37, 120, -21, -26, 131, 28, -47, -209, -230, 146, 195, 85, -18, -36, 29, -52, -20, 45, 50, -133, -232, 57, 155, 290, 299, -429, -633, 166, 570, 127, -362, -210, 178, 183, -42, -24, 112, -202, -342, 201]"
"[-11, -29, -23, 19, 20, 25, -21, -12, 151, 152, 32, -605, -720, 571, 841, 143, -195, -362, 17, -71, -628, -670, -743, 3090, 4936, -1813, -3452, -6193, -8453, 9105, 15273, 96, -9711, -6246, 4520, 5086, -1315, -3943, -982, 1443, 235, 270, 256, 22, -48, 42, 187, -123, -51, -206, -511, 161, 603, 452, -15, -748, -502, 406, 441, 125, 14, -254, -249, -32, 117, 204, -3, -166, -125, 159, 328, 0, -295, -284, 92, 366, 37, -303, -110, 173, 32, -23, 91, 59, -53, -152, -47, 121, 40, 17, 119, -42, -122, -145, -110, 166, 112, 21, 59, 34, 2, -170, -75, 130, 118, -134, -259, -5, 127, 346, 308, -449, -609, 206, 553, 84, -344, -185, 166, 151, -63, -3, 142, -185, -347, 173]"
"[17, -31, -38, 8, 18, 31, -6, 11, 185, 65, -150, -550, -511, 706, 808, -52, -242, -299, 8, -59, -552, -664, -852, 2993, 4982, -1690, -3620, -6095, -7731, 9071, 14454, -565, -9661, -5370, 4889, 4776, -1511, -3972, -924, 1492, 249, 230, 210, 23, -28, 66, 198, -137, -82, -232, -519, 227, 675, 405, -94, -755, -433, 435, 396, 72, 15, -213, -241, -32, 128, 193, -24, -168, -97, 189, 318, -58, -314, -233, 112, 335, 25, -278, -95, 142, 5, 11, 126, 31, -81, -126, -14, 108, 19, -5, 87, -5, -43, -118, -117, 72, 84, 29, -44, 23, 71, -17, -4, 17, 54, -138, -285, 25, 203, 390, 292, -569, -670, 310, 648, 30, -430, -195, 199, 206, -36, -43, 111, -205, -362, 211]"
"[9, -25, -16, 10, 4, 6, -32, 29, 205, 107, -94, -599, -586, 684, 836, 0, -252, -329, 24, -39, -487, -704, -1099, 2864, 5198, -1348, -3993, -6422, -7096, 9927, 14500, -1887, -10262, -4616, 5276, 4480, -1781, -3791, -735, 1496, 200, 168, 220, 70, -33, 32, 221, -119, -140, -272, -479, 339, 733, 284, -199, -751, -423, 502, 441, 70, 24, -246, -286, -48, 136, 247, 7, -191, -87, 171, 266, -79, -281, -164, 132, 258, -35, -250, -72, 177, 54, -10, 82, -22, -104, -58, 37, 79, 2, -9, 73, -6, -32, -138, -188, 135, 217, 33, -116, -52, 86, 54, 31, -55, -35, -128, -244, 94, 239, 332, 213, -571, -599, 396, 663, -91, -496, -141, 241, 212, -46, -59, 92, -199, -346, 246]"
"[-32, -12, -7, 23, 16, 13, -27, 17, 199, 88, -115, -568, -543, 673, 806, -25, -259, -307, 31, -23, -442, -725, -1217, 2807, 5295, -1256, -4357, -6363, -6199, 10271, 13901, -2985, -10395, -3586, 5607, 3909, -2041, -3522, -627, 1389, 161, 272, 307, -2, -114, 20, 251, -80, -163, -304, -466, 409, 790, 213, -283, -744, -378, 519, 412, 68, 48, -244, -287, -37, 154, 222, -34, -190, -61, 193, 263, -90, -276, -171, 112, 248, -39, -213, -38, 157, 20, -1, 118, -18, -125, -96, 12, 120, 34, -9, 82, -33, -91, -127, -125, 169, 186, -7, -61, -18, 34, -41, 17, 42, -15, -186, -256, 159, 287, 267, 123, -524, -472, 409, 566, -187, -486, -42, 249, 166, -43, -8, 144, -263, -430, 247]"
"[-23, -18, -3, 32, 36, -1, -58, -8, 200, 135, -94, -601, -566, 680, 791, -18, -220, -269, 39, -92, -448, -704, -1299, 2746, 5372, -1138, -4607, -6412, -5640, 10704, 13756, -3941, -10806, -2902, 5953, 3653, -2214, -3395, -571, 1328, 182, 346, 299, -102, -139, 107, 313, -133, -246, -328, -420, 503, 805, 107, -333, -681, -344, 519, 423, 50, 23, -250, -294, -17, 186, 238, -32, -218, -65, 188, 247, -105, -298, -144, 145, 271, -37, -240, -43, 172, 36, -19, 94, -20, -108, -82, 1, 110, 62, -16, 25, -36, -35, -91, -122, 126, 150, -49, -106, 49, 71, -18, 51, 24, -50, -193, -206, 171, 248, 218, 127, -475, -443, 384, 532, -210, -488, -3, 257, 144, -42, -5, 126, -267, -427, 252]"
"[-44, 8, 45, 28, -4, -35, -48, 32, 207, 91, -136, -563, -518, 696, 806, -52, -255, -289, 32, -43, -381, -725, -1408, 2658, 5416, -1009, -4814, -6402, -5073, 10960, 13414, -4657, -10936, -2318, 6150, 3399, -2341, -3288, -511, 1308, 189, 357, 293, -142, -173, 133, 337, -105, -215, -364, -458, 506, 808, 100, -329, -636, -310, 481, 412, 41, -22, -263, -279, 62, 248, 162, -114, -200, -11, 192, 182, -104, -226, -102, 134, 184, -91, -201, -12, 194, 51, -40, 65, -32, -111, -37, 50, 90, 34, -38, 15, -49, -90, -57, -37, 180, 135, -124, -101, 93, 106, -68, -30, 18, -20, -140, -196, 168, 267, 201, 102, -499, -462, 423, 564, -225, -514, 12, 309, 150, -70, -63, 78, -193, -331, 246]"
"[-4, 14, 13, 10, 12, -11, -44, 14, 184, 106, -94, -560, -552, 657, 806, -14, -251, -310, 23, -29, -341, -732, -1478, 2604, 5490, -977, -5312, -6400, -4104, 11759, 13248, -6300, -11757, -1288, 6827, 3261, -2621, -3388, -430, 1428, 225, 290, 220, -164, -136, 224, 361, -193, -261, -314, -419, 477, 756, 132, -256, -645, -369, 459, 457, 67, -46, -316, -317, 98, 291, 191, -121, -248, -13, 231, 192, -140, -239, -86, 135, 176, -102, -176, 28, 178, 19, -48, 74, -18, -102, -62, 25, 101, 37, -41, 23, -22, -64, -77, -62, 153, 115, -112, -105, 131, 145, -94, -70, 0, -26, -81, -125, 157, 234, 117, 60, -413, -402, 372, 503, -214, -467, 44, 286, 91, -87, 2, 141, -227, -381, 217]"
"[-59, 9, 49, 30, -7, -33, -47, 34, 213, 102, -115, -586, -555, 681, 809, -24, -251, -303, 18, -21, -296, -749, -1601, 2550, 5622, -812, -5550, -6607, -3697, 12324, 13256, -7282, -12337, -599, 7389, 3110, -2903, -3459, -350, 1518, 242, 247, 215, -179, -188, 219, 407, -137, -268, -373, -427, 519, 746, 112, -207, -599, -401, 371, 428, 130, -13, -303, -294, 73, 268, 168, -129, -224, -5, 212, 160, -121, -198, -34, 166, 85, -190, -133, 96, 200, 0, -79, 78, -14, -119, -44, 64, 101, 29, -66, -3, -37, -85, -39, -22, 164, 116, -131, -126, 117, 165, -36, -36, -72, -92, -83, -106, 211, 256, 81, 30, -404, -371, 392, 482, -265, -482, 115, 353, 53, -155, -36, 130, -152, -318, 210]"
"[-3, 26, 22, -17, -20, -2, -40, 36, 217, 122, -81, -613, -610, 665, 829, 17, -245, -322, 23, -20, -265, -756, -1728, 2464, 5663, -570, -5312, -6642, -3810, 11781, 12782, -6648, -11689, -715, 7072, 2912, -2831, -3292, -352, 1440, 230, 277, 235, -182, -208, 208, 417, -111, -248, -413, -476, 533, 776, 114, -229, -592, -378, 375, 435, 118, -49, -319, -281, 133, 314, 111, -194, -216, 39, 223, 123, -140, -163, -8, 136, 32, -213, -62, 161, 180, -13, -111, 31, -20, -97, 16, 97, 50, -25, -68, 32, 15, -64, -93, -50, 158, 88, -111, -91, 129, 155, -46, -35, -88, -123, -33, -34, 200, 233, 28, -39, -375, -275, 444, 451, -376, -545, 183, 416, 69, -169, -70, 132, -130, -311, 171]"
"[-26, 44, 50, -29, -52, 1, -8, 45, 189, 104, -43, -590, -649, 610, 831, 85, -231, -356, 27, -2, -253, -778, -1777, 2440, 5707, -452, -5302, -6942, -4186, 12277, 13525, -6731, -11930, -1095, 6789, 2932, -2751, -3030, -278, 1353, 207, 259, 224, -157, -172, 205, 398, -152, -277, -402, -487, 586, 868, 87, -329, -640, -334, 472, 460, 23, -121, -244, -150, 103, 184, 44, -153, -118, 41, 181, 124, -112, -147, -23, 128, 40, -186, -100, 95, 190, 9, -72, 70, -26, -126, -25, 89, 92, 2, -90, -15, 21, -4, -66, -97, 113, 145, -69, -145, 53, 133, 29, 21, -82, -122, -78, -55, 185, 197, 73, 29, -374, -307, 414, 463, -364, -562, 169, 414, 101, -141, -110, 77, -100, -250, 179]"
"[22, 27, -11, -33, 6, 37, -28, 1, 202, 103, -116, -580, -546, 667, 787, -11, -235, -302, 16, -19, -199, -752, -1896, 2303, 5724, 9, -4441, -7653, -6212, 11856, 14758, -4562, -11297, -2825, 6040, 3133, -2676, -2930, -284, 1441, 282, 222, 202, -184, -195, 219, 416, -131, -277, -432, -499, 618, 892, 57, -373, -619, -285, 489, 454, -7, -132, -240, -134, 96, 157, 31, -165, -101, 55, 194, 130, -114, -143, -47, 94, 89, -81, -128, -8, 135, 52, -22, 5, -45, -59, 27, 84, 40, -13, -93, -27, 38, 6, -83, -136, 144, 197, -45, -125, 22, 122, -20, -51, -45, -47, -43, -89, 113, 169, 157, 96, -411, -331, 401, 429, -364, -538, 193, 411, 107, -113, -144, 15, -80, -193, 205]"
"[7, 44, 32, -44, -46, 19, -2, 34, 177, 87, -63, -558, -604, 612, 806, 52, -238, -334, 38, -4, -326, -781, -1640, 2609, 5712, -558, -4471, -7396, -6840, 11550, 15379, -3512, -11088, -3834, 5625, 3365, -2633, -2865, -187, 1503, 256, 110, 184, -121, -181, 191, 391, -105, -213, -420, -523, 552, 867, 80, -378, -597, -251, 477, 410, -12, -93, -200, -128, 44, 132, 58, -141, -110, 28, 188, 144, -62, -92, -118, 9, 112, -23, -112, -29, 106, 21, -9, 52, 9, -38, -48, 32, 56, 0, -74, -28, 35, 14, -71, -123, 125, 179, -25, -94, 3, 107, -6, -37, -93, -112, -20, -57, 155, 214, 134, 46, -455, -324, 463, 453, -403, -571, 207, 451, 120, -128, -176, 5, -80, -219, 236]"
"[-11, 15, 20, -17, -26, 13, -10, 22, 174, 104, -42, -569, -623, 594, 802, 72, -229, -329, 44, 8, -193, -822, -2012, 2348, 5787, 268, -3524, -8092, -8349, 10892, 15987, -1706, -10632, -5265, 5090, 3974, -2350, -3095, -338, 1607, 376, 85, 126, -162, -195, 210, 398, -89, -204, -412, -504, 504, 801, 104, -343, -571, -254, 465, 424, -3, -97, -213, -114, 34, 87, 50, -109, -74, -2, 154, 164, -7, -72, -170, -40, 128, 17, -86, -28, 76, 13, -13, 39, 17, -34, -49, 30, 83, 34, -118, -86, 51, 72, -50, -159, 68, 163, 50, -28, -56, 6, 7, 46, -45, -119, -58, -57, 132, 172, 157, 85, -440, -327, 431, 425, -380, -540, 207, 436, 116, -118, -179, -4, -60, -184, 213]"
"[-8, 56, 31, -21, -15, 5, -28, 19, 200, 107, -97, -585, -560, 675, 797, -29, -249, -277, 38, -16, -70, -764, -2292, 1929, 5668, 1201, -2450, -8719, -9699, 10077, 16252, 119, -9940, -6672, 4333, 4679, -1773, -3283, -552, 1480, 356, 136, 135, -130, -182, 152, 342, -19, -108, -426, -583, 442, 807, 205, -274, -642, -338, 459, 449, 44, -77, -238, -137, 45, 121, 46, -123, -104, -38, 167, 185, 19, -70, -179, -20, 148, 37, -140, -98, 80, 41, 42, 70, -12, -48, -76, -8, 108, 77, -107, -118, 45, 120, -32, -163, 4, 79, 61, 35, 44, 24, -111, -7, 31, -60, -81, -79, 83, 97, 211, 184, -402, -364, 350, 420, -313, -513, 158, 403, 139, -87, -200, -43, -45, -147, 206]"
"[19, 12, 8, -24, -17, 6, -32, 35, 214, 96, -106, -580, -557, 669, 804, -17, -254, -306, 31, 4, -51, -762, -2311, 1933, 5666, 1280, -2053, -8810, -10516, 9557, 16857, 1263, -10285, -7991, 4245, 6077, -1122, -4064, -1002, 1463, 413, 251, 127, -144, -162, 170, 345, -46, -98, -404, -614, 374, 780, 299, -189, -676, -410, 419, 472, 105, -82, -279, -123, 67, 96, 38, -85, -108, -84, 168, 231, 21, -114, -188, -12, 178, 86, -142, -128, 34, 24, 54, 53, 38, 30, -114, -95, 93, 123, -65, -128, 19, 129, -2, -139, -37, 44, 41, -12, 91, 116, -108, -66, 8, -15, -79, -111, 58, 64, 241, 267, -367, -420, 238, 407, -200, -471, 95, 342, 163, -30, -157, -36, -127, -227, 248]"
"[23, 35, 14, -43, -33, 23, -2, 24, 172, 105, -28, -571, -641, 580, 792, 97, -192, -322, 21, -20, 31, -760, -2526, 1682, 5604, 1910, -1393, -9283, -11261, 9329, 17286, 1744, -10914, -8643, 4620, 7331, -687, -4977, -1386, 1542, 446, 333, 139, -164, -176, 179, 367, -50, -86, -413, -668, 328, 792, 390, -137, -712, -447, 382, 471, 157, -60, -320, -167, 97, 142, 41, -88, -120, -91, 131, 187, 53, -72, -177, -18, 170, 91, -154, -129, 54, 37, 7, -19, 73, 113, -75, -123, 9, 102, -3, -96, 4, 136, -16, -186, -55, 67, 93, -16, 74, 150, -100, -98, -7, 34, -64, -140, -14, -5, 300, 356, -316, -443, 138, 378, -106, -400, 35, 274, 154, -28, -113, 23, -124, -267, 170]"
"[0, 10, 8, -17, -17, 12, -15, 26, 186, 96, -71, -560, -572, 622, 786, 24, -233, -310, 23, 17, 96, -754, -2606, 1524, 5502, 2264, -826, -9445, -11787, 8658, 17011, 2654, -10558, -9097, 4531, 7875, -394, -5420, -1553, 1573, 384, 306, 147, -10, -45, 18, 180, -3, 33, -367, -755, 271, 869, 483, -161, -812, -452, 428, 451, 141, -37, -289, -174, 81, 169, 48, -89, -153, -126, 126, 200, 88, -89, -195, 4, 200, 92, -181, -136, 67, 64, -3, -47, 35, 86, -24, -86, 16, 104, -12, -101, -3, 152, 0, -190, -126, 1, 176, 64, 37, 100, -83, -98, -15, 81, -20, -161, -102, -38, 357, 387, -343, -483, 153, 413, -54, -352, -53, 172, 190, 48, -83, 18, -173, -299, 183]"
"[29, 7, -14, -30, -6, 35, -20, 12, 211, 97, -134, -589, -544, 711, 840, -30, -276, -336, 8, 44, 91, -738, -2535, 1562, 5451, 2093, -923, -9118, -11278, 8302, 16302, 2557, -10339, -8841, 4511, 8029, -231, -5622, -1648, 1653, 466, 251, 47, -14, 55, 30, 43, -33, 155, -266, -809, 151, 887, 594, -121, -918, -528, 450, 466, 171, -8, -300, -220, 34, 140, 168, 34, -200, -207, 100, 266, 89, -191, -234, 56, 291, 103, -237, -167, 56, 73, 80, 20, -70, -33, 7, -25, 63, 114, -33, -95, -23, 113, -12, -187, -80, 38, 172, 89, 1, 41, -109, -99, 46, 127, -48, -202, -117, -25, 395, 385, -368, -459, 180, 390, -107, -355, -3, 196, 139, -36, -45, 128, -136, -347, 92]"
"[7, 11, 4, -28, -25, 29, 2, 27, 199, 49, -184, -541, -468, 736, 820, -101, -293, -298, 18, 40, 125, -732, -2613, 1453, 5505, 2225, -1350, -9091, -10092, 8798, 15309, 1006, -10349, -7147, 5083, 7035, -748, -5321, -1449, 1674, 470, 236, 29, -55, 36, 98, 130, -81, 64, -323, -836, 252, 986, 591, -160, -985, -541, 485, 480, 172, -1, -312, -227, 23, 102, 157, 25, -137, -140, 110, 284, 21, -261, -236, 92, 336, 79, -274, -153, 92, 78, 86, 68, -140, -161, 55, 111, 81, 28, -80, -51, 2, 64, -28, -139, -25, 43, 88, 42, 41, 60, -105, -88, 30, 90, -28, -179, -92, 34, 377, 328, -424, -474, 240, 429, -122, -378, 1, 207, 122, -36, -15, 118, -187, -357, 166]"
"[-26, 12, 24, 19, 7, -15, -41, 28, 216, 67, -196, -533, -412, 734, 766, -153, -288, -248, 8, 24, 271, -604, -2709, 815, 5008, 3033, -1098, -9356, -9399, 9722, 15204, -1001, -11137, -5555, 5885, 6120, -1443, -4934, -1117, 1734, 442, 151, 3, -19, 78, 85, 98, -94, 61, -314, -822, 272, 987, 578, -157, -1002, -560, 512, 509, 172, -2, -348, -254, 38, 103, 158, 34, -114, -141, 81, 283, 52, -228, -271, 33, 294, 54, -185, -57, 74, -7, 29, 124, -47, -185, -42, 117, 151, 25, -133, -59, 37, 75, -41, -147, -10, 61, 71, -4, 48, 111, -56, -48, -60, -43, -46, -128, 77, 126, 226, 213, -363, -383, 230, 379, -175, -406, 74, 275, 85, -105, -12, 172, -161, -369, 125]"
"[-6, 38, 30, -20, -24, 11, 4, 27, 178, 57, -152, -535, -489, 709, 801, -78, -254, -287, -15, -5, 261, -571, -2720, 761, 5055, 3025, -1640, -9273, -8252, 10419, 14587, -2658, -11366, -4024, 6392, 5097, -1985, -4451, -847, 1673, 398, 186, 71, -92, -38, 105, 200, -49, -18, -373, -721, 348, 916, 462, -155, -910, -540, 457, 464, 224, 86, -379, -347, 34, 184, 178, -30, -139, -93, 114, 262, 26, -210, -248, 40, 254, 1, -159, 5, 86, -67, -9, 172, 28, -188, -127, 97, 195, 21, -151, -34, 71, 67, -93, -159, 47, 90, 24, -28, 75, 98, -75, -22, -28, -66, -82, -109, 129, 151, 141, 122, -310, -299, 269, 391, -254, -489, 92, 324, 138, -69, -51, 111, -187, -342, 183]"
"[-18, 25, 27, 6, 0, -16, -46, 38, 233, 70, -186, -555, -457, 722, 770, -102, -258, -254, 7, -9, 263, -586, -2729, 752, 5095, 2944, -2132, -9139, -7265, 11026, 14132, -4112, -11665, -2749, 6864, 4343, -2405, -4147, -676, 1680, 409, 186, 72, -135, -63, 135, 233, -63, -74, -380, -654, 410, 896, 388, -158, -891, -555, 476, 476, 216, 103, -366, -364, 4, 192, 194, -52, -152, -70, 139, 236, -6, -191, -178, 83, 176, -81, -153, 35, 130, -53, -27, 152, 36, -134, -118, 63, 128, -12, -93, -10, 74, 69, -93, -133, 31, 44, 0, -9, 124, 115, -113, -42, -26, -94, -76, -73, 182, 174, 76, 82, -288, -280, 260, 370, -255, -484, 128, 360, 91, -122, -38, 132, -172, -323, 187]"
"[8, 13, 14, -30, -26, 16, -15, 39, 227, 37, -253, -521, -357, 783, 773, -219, -320, -227, 6, 18, 315, -544, -2714, 573, 4908, 3064, -2238, -9005, -6570, 11301, 13700, -5062, -11813, -1997, 7022, 4033, -2475, -3984, -619, 1612, 384, 207, 98, -153, -94, 134, 231, -49, -58, -367, -634, 390, 861, 365, -156, -859, -541, 478, 462, 197, 130, -315, -360, -89, 120, 261, 27, -135, -90, 78, 203, 36, -137, -182, 47, 129, -108, -86, 100, 115, -98, -48, 183, 62, -156, -165, 45, 184, 33, -106, -16, 52, 48, -94, -134, 55, 61, -16, -20, 108, 83, -77, 14, -26, -117, -87, -43, 185, 156, 34, 43, -245, -236, 264, 356, -284, -507, 182, 443, 54, -201, -65, 145, -127, -309, 177]"
"[-45, 23, 42, 29, 3, -31, -46, 37, 230, 54, -243, -533, -371, 787, 770, -214, -305, -218, -8, 7, 368, -505, -2754, 403, 4813, 3234, -2402, -9008, -5919, 11779, 13519, -6213, -12406, -1265, 7501, 4043, -2571, -4126, -630, 1670, 400, 174, 68, -126, -60, 127, 222, -50, -66, -383, -623, 422, 840, 325, -129, -804, -560, 419, 453, 245, 163, -327, -390, -98, 165, 270, -31, -171, -53, 144, 205, -40, -199, -116, 140, 127, -159, -152, 78, 178, -44, -68, 127, 48, -134, -103, 106, 136, -57, -149, 8, 154, 95, -178, -196, 98, 109, -18, -17, 94, 51, -110, -1, 40, -71, -141, -106, 221, 203, 33, 56, -239, -238, 198, 298, -249, -480, 201, 441, 48, -187, -60, 137, -152, -320, 200]"
"[-30, 34, 55, -15, -48, -9, -12, 58, 228, 44, -227, -534, -394, 754, 762, -172, -289, -235, -6, 22, 416, -472, -2760, 112, 4456, 3657, -1821, -9101, -6244, 11572, 13552, -6095, -12462, -1189, 7684, 4005, -2682, -4209, -623, 1737, 410, 137, 38, -113, -55, 161, 259, -73, -115, -389, -568, 456, 798, 260, -126, -743, -544, 397, 439, 231, 179, -298, -403, -144, 153, 306, -17, -175, -56, 121, 180, -5, -148, -116, 117, 86, -168, -121, 106, 162, -91, -85, 157, 104, -121, -162, 60, 162, 3, -126, -32, 86, 94, -98, -158, 45, 86, -13, -47, 99, 95, -82, -22, -1, -78, -106, -75, 205, 160, 29, 108, -200, -269, 122, 292, -171, -459, 148, 413, 82, -151, -68, 112, -172, -312, 224]"
"[-31, -29, -2, 29, 3, 6, -12, 37, 223, 14, -284, -490, -310, 787, 747, -238, -298, -220, -34, 4, 435, -371, -2667, -73, 4212, 3767, -1666, -8896, -5861, 11225, 12781, -6219, -12009, -606, 7684, 3513, -2802, -3992, -571, 1665, 418, 195, 38, -183, -69, 217, 269, -116, -112, -361, -572, 436, 777, 266, -95, -689, -505, 314, 354, 237, 198, -243, -370, -147, 150, 272, -26, -147, -36, 89, 142, 9, -124, -118, 99, 97, -147, -112, 120, 132, -146, -88, 183, 160, -79, -212, 3, 162, 37, -112, -63, 65, 121, -60, -153, -21, 12, -10, -47, 220, 227, -149, -100, -26, -59, -112, -93, 233, 194, -22, 15, -166, -154, 159, 215, -257, -441, 253, 469, 6, -237, -52, 175, -126, -311, 167]"
"[-50, 8, 32, 38, 11, -29, -46, 47, 246, 4, -329, -466, -240, 808, 728, -306, -331, -178, -6, -5, 435, -342, -2650, -217, 4042, 4065, -1074, -9252, -6928, 11035, 13358, -5225, -11663, -1295, 7362, 3464, -2827, -3887, -550, 1700, 465, 178, 22, -208, -74, 224, 259, -124, -126, -344, -537, 456, 762, 218, -82, -644, -504, 261, 322, 260, 231, -220, -389, -197, 159, 339, 3, -221, -110, 113, 181, 52, -111, -159, 81, 134, -101, -152, 43, 134, -66, -34, 135, 61, -98, -120, 53, 136, -2, -129, -16, 104, 75, -124, -143, 59, 31, -48, -30, 234, 219, -203, -134, 2, -35, -108, -131, 220, 223, 37, 27, -220, -184, 172, 241, -230, -456, 210, 487, 52, -238, -118, 136, -85, -297, 173]"
"[-9, -2, 9, 10, -1, -4, -27, 52, 259, -15, -373, -474, -207, 843, 719, -332, -342, -186, -2, 43, 475, -370, -2682, -322, 3903, 4381, -385, -9851, -8709, 11215, 15117, -3893, -11732, -2928, 6729, 3784, -2774, -3665, -399, 1735, 421, 49, -6, -123, -43, 199, 245, -105, -90, -357, -567, 418, 735, 269, -30, -652, -544, 231, 334, 290, 204, -219, -316, -173, 107, 265, -7, -159, -87, 89, 165, 58, -114, -156, 98, 162, -79, -214, -7, 166, -45, -39, 149, 67, -123, -157, 39, 184, 41, -129, -39, 67, 70, -95, -160, 61, 108, -7, -43, 107, 120, -133, -71, 18, -45, -98, -106, 167, 156, 88, 117, -223, -225, 131, 230, -224, -436, 232, 465, 11, -236, -72, 150, -114, -305, 196]"
"[-17, -15, -13, 21, 13, 13, -10, 35, 222, -39, -383, -396, -107, 806, 643, -397, -355, -119, 30, 20, 458, -363, -2657, -306, 3855, 4369, 3, -9853, -9625, 10660, 15701, -2522, -11464, -4087, 6349, 4160, -2698, -3764, -396, 1863, 462, -60, -53, -59, -3, 157, 194, -82, -27, -335, -600, 346, 727, 322, -27, -679, -559, 247, 347, 319, 236, -241, -344, -202, 89, 300, 35, -170, -123, 72, 188, 82, -132, -179, 108, 192, -52, -247, -84, 162, 41, 28, 104, -39, -133, -57, 90, 110, -31, -106, 4, 76, 75, -80, -150, -9, 70, 45, -52, 40, 79, -3, 47, -29, -99, -142, -112, 183, 151, 105, 133, -232, -228, 138, 229, -241, -448, 238, 461, 25, -210, -87, 99, -109, -252, 224]"
"[-55, -16, 9, 60, 46, -21, -36, 27, 212, -97, -521, -244, 204, 828, 480, -629, -390, 35, 58, -3, 517, -230, -2515, -841, 3010, 5051, 1520, -9949, -11111, 9640, 16205, -776, -11028, -5444, 5789, 4810, -2323, -4016, -599, 1929, 571, -46, -89, -110, -16, 170, 187, -65, 24, -327, -647, 255, 679, 422, 37, -673, -546, 217, 322, 289, 217, -200, -312, -214, 83, 297, 34, -173, -121, 52, 149, 113, -83, -178, 75, 193, -8, -241, -104, 130, 28, 34, 100, -17, -102, -62, 52, 99, -6, -70, 8, 44, 51, -54, -84, -7, 7, -50, -99, 183, 199, -68, -30, -32, -66, -139, -134, 170, 142, 132, 168, -240, -267, 117, 250, -189, -437, 206, 468, 30, -236, -104, 107, -83, -267, 208]"
"[-30, -10, 2, 19, 4, 3, 4, 59, 216, -153, -560, -191, 272, 811, 439, -651, -369, 38, -1, -9, 604, -28, -2193, -1430, 1886, 5469, 2836, -9594, -11928, 8792, 16565, 118, -11194, -6387, 5595, 5798, -1772, -4512, -932, 1865, 590, 80, -23, -127, -45, 110, 148, -22, 69, -292, -650, 174, 622, 487, 112, -653, -555, 125, 250, 353, 271, -172, -264, -255, 13, 248, 15, -104, -74, 67, 156, 66, -111, -177, 50, 211, 38, -213, -104, 82, -14, 53, 144, 1, -128, -110, 37, 148, 34, -94, -38, 48, 109, -30, -130, -75, 5, 35, -42, 144, 166, -106, -72, 6, 5, -108, -155, 83, 90, 203, 227, -252, -294, 105, 274, -175, -457, 156, 436, 92, -180, -108, 107, -110, -281, 183]"
"[-5, -8, -8, 14, 25, -3, -49, 37, 242, -35, -434, -338, 42, 801, 553, -501, -364, -47, 10, 12, 596, -18, -2101, -1582, 1501, 5693, 3554, -9668, -12843, 8515, 17524, 793, -12036, -7595, 5667, 7318, -1114, -5272, -1310, 1786, 562, 194, -2, -101, 11, 98, 98, -78, 90, -205, -641, 42, 516, 593, 242, -604, -564, -25, 161, 433, 318, -163, -250, -250, 6, 233, 37, -91, -87, 7, 104, 110, -80, -159, 65, 232, 78, -272, -165, 86, -6, 66, 151, 26, -88, -134, -7, 109, 13, -54, -25, 70, 145, -37, -163, -115, 3, 103, 23, 80, 76, -109, -23, 50, 2, -144, -155, 88, 54, 201, 278, -211, -332, 41, 288, -86, -416, 81, 397, 98, -202, -110, 129, -59, -266, 159]"
"[-10, -21, -8, 29, 20, -14, -27, 64, 245, -100, -490, -294, 90, 805, 527, -515, -336, -34, -32, -18, 593, 211, -1528, -2091, 116, 5772, 4871, -8939, -13454, 7642, 17882, 1313, -12624, -8344, 5732, 8605, -427, -5976, -1707, 1688, 579, 305, -49, -129, 76, 175, 83, -169, 85, -114, -595, -67, 380, 643, 354, -490, -515, -186, 53, 480, 344, -146, -237, -228, 23, 199, 11, -74, -52, 5, 77, 76, -109, -136, 68, 286, 166, -301, -242, 37, 9, 111, 153, 3, -106, -115, 14, 104, -1, -43, -10, 55, 139, -46, -203, -97, 63, 138, 17, 36, 80, -126, -87, 77, 88, -110, -185, 4, 23, 217, 253, -154, -254, 10, 231, -92, -391, 87, 379, 96, -177, -88, 131, -103, -300, 156]"
"[-20, 3, 8, 10, 0, 8, 12, 50, 208, -121, -507, -257, 147, 829, 527, -586, -391, 0, 13, -9, 536, 278, -1176, -2249, -630, 5633, 5498, -8245, -13342, 6759, 17188, 1661, -12197, -8312, 5488, 8828, -70, -6122, -1851, 1618, 571, 316, -72, -97, 142, 152, 2, -188, 169, -33, -617, -250, 281, 798, 440, -527, -521, -163, 57, 428, 318, -102, -200, -249, -8, 200, 30, -62, -56, -8, 89, 68, -129, -117, 105, 238, 67, -262, -133, 89, -11, 11, 118, 55, -83, -125, 16, 110, -2, -66, -17, 76, 127, -45, -159, -80, 49, 89, -4, 44, 77, -100, -72, 61, 90, -88, -172, -46, -28, 270, 307, -171, -278, 6, 218, -85, -362, 111, 387, 67, -194, -98, 115, -93, -287, 184]"
"[4, -9, -20, 14, 34, 9, -35, 32, 230, -81, -506, -257, 190, 808, 478, -614, -388, 43, 21, -23, 516, 340, -908, -2349, -1136, 5400, 5598, -7537, -12489, 6339, 16158, 988, -12043, -7281, 5797, 8413, -242, -6106, -1814, 1685, 619, 280, -109, -112, 161, 155, -29, -206, 175, 14, -593, -297, 231, 822, 490, -507, -539, -200, 66, 444, 281, -124, -178, -196, 0, 144, -2, -21, -23, -13, 79, 60, -130, -113, 118, 228, 57, -271, -151, 81, -17, 60, 166, 36, -115, -154, 9, 146, 16, -75, -7, 63, 87, -57, -150, -21, 99, 54, -53, 26, 83, -87, -89, 83, 133, -104, -230, -61, 28, 331, 296, -262, -322, 87, 306, -118, -445, 65, 403, 138, -176, -127, 117, -83, -284, 155]"
"[-36, -6, 5, 34, 28, -9, -25, 38, 213, -82, -477, -261, 149, 790, 487, -566, -351, 3, -36, -25, 503, 427, -641, -2434, -1525, 5099, 5312, -7026, -11558, 6702, 15757, -276, -12384, -6175, 6319, 7813, -668, -5913, -1618, 1705, 573, 253, -105, -108, 150, 183, 17, -228, 133, 3, -568, -262, 239, 771, 457, -478, -522, -211, 51, 467, 308, -124, -168, -233, -27, 161, 18, -32, -50, 0, 118, 66, -162, -140, 142, 261, 28, -306, -132, 130, -8, 27, 149, 28, -116, -132, 22, 134, 14, -85, -34, 84, 132, -58, -164, -40, 88, 42, -59, 59, 103, -100, -85, 74, 90, -118, -219, 9, 94, 280, 239, -297, -334, 136, 343, -137, -471, 74, 419, 126, -191, -125, 102, -73, -245, 174]"
"[5, -13, -17, 9, 17, 2, -21, 58, 224, -115, -506, -219, 198, 763, 451, -564, -336, 0, -58, -28, 475, 489, -394, -2463, -1828, 4734, 4915, -6514, -10657, 7198, 15652, -1620, -13039, -5222, 6927, 7414, -1039, -5809, -1513, 1726, 588, 277, -101, -146, 133, 196, 16, -212, 151, -21, -606, -238, 279, 786, 471, -512, -576, -215, 91, 507, 318, -168, -222, -242, -10, 226, 36, -87, -72, 40, 148, 43, -176, -135, 160, 253, -10, -320, -111, 170, -1, -10, 118, 58, -63, -129, -10, 93, 0, -44, -2, 61, 93, -49, -131, -42, 66, 38, -57, 69, 123, -89, -63, 42, 28, -140, -191, 85, 107, 210, 225, -239, -308, 84, 308, -125, -476, 103, 464, 118, -216, -159, 87, -34, -207, 167]"
"[-3, -17, -9, 10, 11, -4, -26, 65, 231, -100, -494, -256, 154, 794, 495, -571, -355, 11, -31, -68, 377, 536, -177, -2420, -1991, 4385, 4363, -6100, -9552, 7858, 15412, -3267, -13744, -3992, 7653, 6885, -1519, -5670, -1320, 1786, 577, 230, -108, -139, 121, 185, 39, -177, 139, -87, -630, -137, 379, 712, 370, -545, -570, -144, 130, 492, 308, -182, -249, -234, 39, 258, 11, -148, -67, 85, 140, 10, -176, -104, 182, 228, -53, -323, -93, 200, 24, -12, 115, -1, -126, -84, 47, 118, 12, -81, -42, 64, 121, -22, -113, -65, 19, 2, -73, 150, 198, -92, -82, -49, -60, -76, -101, 136, 110, 121, 183, -206, -293, 82, 308, -125, -489, 102, 488, 140, -224, -198, 58, 0, -167, 172]"
"[9, 13, 5, -20, -30, 9, 26, 68, 175, -141, -489, -170, 231, 741, 422, -593, -344, 34, -34, -43, 369, 549, 76, -2419, -2406, 3921, 4170, -5273, -8705, 7671, 14901, -3878, -13788, -3399, 7815, 6577, -1641, -5552, -1276, 1774, 557, 222, -82, -110, 115, 146, 20, -151, 148, -99, -621, -95, 398, 646, 308, -519, -511, -98, 117, 424, 322, -163, -313, -243, 103, 293, -21, -193, -81, 122, 188, 17, -202, -138, 213, 225, -144, -344, -39, 298, 61, -79, 69, 6, -88, -74, 3, 84, 29, -5, 9, -17, 35, -24, -96, -9, 54, -1, -72, 110, 176, -80, -79, -53, -61, -56, -81, 123, 105, 121, 178, -221, -302, 95, 314, -139, -504, 113, 492, 149, -208, -201, 46, -19, -173, 191]"
"[4, 3, 5, -2, -7, -2, 6, 76, 201, -163, -541, -139, 303, 733, 378, -632, -366, 73, 9, -34, 319, 542, 260, -2384, -2630, 3591, 3879, -4854, -8108, 8045, 14983, -4801, -14308, -2904, 8137, 6416, -1844, -5513, -1214, 1860, 601, 196, -86, -152, 50, 174, 108, -100, 120, -208, -659, -23, 438, 638, 298, -547, -552, -57, 206, 424, 250, -232, -313, -142, 179, 232, -103, -201, -36, 147, 149, -4, -169, -103, 203, 181, -158, -292, -4, 244, 18, -42, 106, -17, -108, -72, -3, 76, 21, 16, 31, -14, 36, -26, -85, -33, 14, 6, -62, 125, 190, -63, -76, -93, -81, -29, -61, 133, 103, 84, 168, -195, -300, 92, 321, -151, -516, 133, 501, 138, -198, -198, 25, -22, -149, 201]"
"[-3, 16, -11, -2, 25, 16, -10, 34, 191, -133, -526, -148, 300, 729, 364, -636, -356, 80, -4, -47, 256, 592, 569, -2309, -2925, 3007, 3319, -4070, -6773, 8319, 14267, -6302, -14634, -1462, 8770, 5630, -2345, -5251, -1005, 1865, 557, 178, -49, -128, 49, 122, 77, -90, 109, -189, -643, 2, 468, 630, 294, -587, -583, -38, 231, 430, 225, -247, -286, -128, 134, 212, -61, -137, 7, 78, 40, -25, -99, 23, 232, 25, -262, -213, 72, 270, 17, -82, 87, -16, -121, -53, 50, 73, -24, -19, 39, 3, 3, -10, -28, -28, -16, -22, -44, 134, 158, -64, -46, -80, -99, -38, -42, 146, 92, 59, 171, -170, -291, 79, 309, -177, -539, 187, 561, 96, -281, -208, 67, 48, -114, 156]"
"[-4, 30, 19, -18, -11, 15, 25, 34, 136, -155, -507, -76, 358, 690, 327, -666, -366, 108, -1, -59, 204, 637, 797, -2231, -3126, 2526, 3045, -3268, -5770, 7703, 12863, -6509, -13717, -375, 8801, 4530, -2750, -4825, -846, 1869, 591, 180, -67, -165, 48, 143, 87, -110, 90, -192, -633, 21, 480, 592, 230, -568, -528, 17, 245, 380, 221, -251, -324, -131, 165, 237, -87, -166, 19, 126, 67, -61, -108, 15, 198, 7, -268, -142, 137, 233, -18, -90, 100, -41, -172, -20, 85, 90, -7, -5, 75, -55, -94, -23, 7, 71, 33, -71, -60, 103, 112, -53, -33, -45, -85, -30, -7, 133, 83, 19, 127, -173, -279, 121, 309, -207, -531, 216, 556, 69, -275, -181, 81, 30, -139, 129]"
"[-15, 22, 17, -5, -12, -2, 3, 69, 188, -163, -538, -85, 382, 678, 275, -663, -322, 128, -27, -92, 190, 695, 899, -2238, -3179, 2408, 2912, -3348, -5896, 8208, 13359, -6845, -13852, -311, 8635, 4143, -2857, -4388, -681, 1760, 560, 186, -65, -195, 40, 192, 119, -143, 73, -198, -657, 36, 536, 621, 218, -659, -610, 103, 386, 373, 100, -323, -277, -23, 190, 171, -114, -157, 32, 121, 43, -63, -96, 33, 210, -2, -272, -169, 95, 260, 28, -69, 90, -60, -151, -35, 44, 91, 22, -10, 13, -31, -7, 3, -24, 1, 3, -25, -19, 108, 95, -88, -47, -33, -85, 9, 41, 90, 31, 19, 124, -154, -230, 151, 285, -289, -560, 284, 588, 58, -273, -192, 56, 36, -81, 143]"
"[-32, 22, 29, 1, -20, -12, 7, 84, 169, -193, -538, 1, 467, 599, 186, -672, -305, 169, 0, -113, 97, 709, 1146, -2116, -3424, 2070, 3348, -3100, -7010, 7553, 14134, -5241, -13486, -1554, 8235, 4330, -2914, -4389, -625, 1932, 641, 44, -182, -170, 113, 219, 63, -156, 125, -191, -676, 49, 568, 550, 102, -623, -522, 187, 392, 294, 126, -303, -348, -87, 223, 260, -116, -231, -8, 167, 98, -26, -87, -42, 168, 28, -253, -159, 103, 250, 41, -83, 25, -73, -101, 31, 42, 37, 15, 7, 26, -38, -24, -11, -21, 32, 14, -51, -24, 123, 119, -114, -108, -33, -35, 52, 1, 49, 84, 78, 97, -246, -254, 221, 323, -315, -597, 282, 624, 88, -268, -243, 7, 51, -57, 177]"
"[-11, -19, -3, 21, 3, -23, -7, 94, 174, -201, -534, 21, 489, 587, 171, -712, -345, 192, 36, -68, 156, 625, 962, -2148, -3362, 2411, 3973, -3718, -8851, 7726, 16261, -3887, -14147, -3558, 7905, 5263, -2845, -4590, -546, 2120, 593, -105, -147, -25, 183, 100, -61, -159, 188, -94, -657, -46, 525, 595, 131, -630, -522, 153, 328, 335, 207, -278, -350, -143, 168, 253, -108, -174, 14, 161, 133, -39, -137, -107, 124, 133, -138, -195, 17, 209, 60, -40, 24, -66, -45, 18, -28, -13, 26, 84, 43, -63, -16, 3, -15, -8, -16, -18, 16, 95, 46, -87, -5, -10, -88, -18, 5, 69, 44, 109, 170, -240, -289, 195, 353, -290, -609, 229, 590, 131, -232, -261, -24, 65, -46, 180]"
"[-8, -30, -26, 21, 26, 19, 24, 28, 92, -190, -497, 94, 549, 515, 92, -704, -300, 207, 7, -82, 73, 670, 1291, -1932, -3561, 1767, 4162, -3129, -9518, 6744, 16490, -2202, -13588, -4795, 7420, 5735, -2642, -4805, -681, 2221, 686, -53, -162, -123, 205, 191, -57, -271, 140, -18, -611, -110, 456, 650, 177, -634, -495, 158, 296, 269, 171, -211, -284, -149, 144, 202, -132, -122, 64, 125, 84, -35, -119, -102, 109, 148, -102, -198, -17, 191, 86, -2, 15, -131, -73, 81, -5, -45, 16, 118, 80, -94, -47, -24, -48, 16, -3, 13, 42, 117, 102, -156, -123, -29, -27, 74, 15, -20, -8, 154, 216, -235, -301, 144, 305, -245, -561, 229, 578, 136, -222, -289, -44, 86, -38, 174]"
"[12, 25, 19, -28, -32, 2, 40, 72, 78, -223, -485, 168, 609, 434, 3, -697, -253, 254, 14, -139, -131, 684, 1760, -1426, -3551, 584, 3543, -2309, -9330, 6365, 16601, -1459, -13418, -5710, 6979, 6469, -2067, -5102, -1014, 2090, 718, 117, -148, -199, 222, 278, -38, -375, 108, 59, -576, -184, 407, 691, 199, -629, -478, 142, 263, 273, 188, -202, -286, -143, 149, 193, -147, -114, 75, 140, 113, -57, -165, -129, 91, 213, -16, -218, -69, 131, 39, 36, 68, -68, -36, 7, -56, -67, -10, 175, 150, -97, -89, -68, -47, 53, 14, 6, 25, 84, 71, -99, -56, -31, -38, 26, -28, -15, 7, 196, 254, -262, -353, 129, 336, -180, -520, 166, 511, 117, -214, -231, -22, 60, -49, 175]"
"[-25, -18, 7, 24, -2, -4, 36, 57, 89, -228, -506, 151, 599, 465, 45, -704, -296, 223, 23, -99, -120, 661, 1779, -1372, -3551, 511, 3760, -2295, -9923, 5953, 17099, -469, -13643, -7030, 6621, 7896, -1168, -5781, -1524, 1933, 723, 306, -88, -246, 170, 300, 12, -365, 130, 53, -614, -276, 348, 805, 288, -624, -474, 54, 169, 331, 276, -179, -298, -199, 107, 210, -108, -92, 58, 97, 87, -7, -103, -149, 32, 211, 53, -216, -127, 98, 32, 57, 84, -24, 0, -42, -94, -68, -21, 180, 155, -63, -50, -88, -101, 29, 59, 74, 38, 6, 23, -104, -52, 48, 5, -49, -72, 16, 6, 194, 264, -229, -336, 111, 358, -176, -550, 86, 455, 225, -111, -266, -80, 38, -32, 177]"
"[-23, -14, 4, 16, 3, -4, -3, 62, 142, -174, -498, 50, 516, 528, 116, -690, -315, 202, 35, -97, -192, 645, 1910, -1163, -3513, 167, 3887, -2112, -10574, 5294, 17581, 1006, -13652, -8862, 5891, 9668, 81, -6451, -2092, 1584, 621, 561, 18, -247, 140, 290, 48, -382, 89, 88, -553, -338, 246, 814, 320, -552, -398, 10, 103, 277, 240, -104, -197, -210, 22, 147, -104, 6, 124, 58, 62, -43, -152, -152, 53, 288, 100, -288, -183, 134, 71, 15, 40, 29, 34, -76, -94, -40, -29, 136, 152, -23, -26, -112, -142, 16, 50, 94, 52, 64, 87, -147, -93, -16, -47, 22, -4, -17, -71, 210, 333, -194, -372, 37, 342, -61, -450, 3, 359, 215, -76, -218, -82, -8, -52, 217]"
"[3, 13, 2, -10, -1, 0, 8, 59, 107, -186, -473, 112, 569, 451, 23, -692, -277, 260, 56, -136, -258, 638, 2049, -1008, -3591, -118, 4204, -1804, -11201, 4307, 17685, 2690, -13178, -10544, 4957, 11051, 1183, -6896, -2500, 1333, 551, 661, 36, -214, 164, 303, 48, -432, 65, 174, -452, -479, 41, 902, 499, -494, -441, -96, 69, 333, 260, -120, -204, -188, 45, 149, -101, -52, 66, 113, 148, -39, -194, -219, 13, 346, 161, -262, -177, 85, 39, -2, 19, 90, 92, -112, -141, -31, 5, 131, 127, -38, -50, -106, -111, 41, 33, 78, 77, 73, 83, -186, -154, 25, 36, 49, -4, -88, -126, 215, 343, -156, -346, 12, 301, -41, -375, 8, 298, 137, -81, -125, -47, -66, -87, 253]"
"[2, 5, -22, -1, 28, 30, 31, 28, 74, -228, -517, 180, 641, 456, 17, -717, -290, 246, 44, -106, -214, 632, 1971, -1096, -3615, 87, 4315, -1846, -10924, 4185, 17209, 2470, -13124, -10436, 4768, 11487, 1692, -7106, -2699, 1211, 502, 677, 42, -141, 198, 263, 44, -417, 42, 160, -435, -473, 29, 911, 505, -523, -464, -60, 121, 336, 233, -189, -238, -122, 87, 134, -113, -49, 60, 98, 153, -6, -176, -244, -12, 323, 144, -207, -122, 52, -9, -40, -9, 164, 178, -133, -195, -56, 32, 140, 75, -60, -29, -15, -22, -10, -25, -5, -19, 132, 170, -91, -94, -74, -55, 32, 12, -22, -77, 184, 292, -180, -323, 42, 289, -45, -369, -10, 282, 175, -61, -148, -50, -37, -60, 201]"
"[-26, 9, 27, -9, -37, 14, 74, 63, 44, -248, -475, 199, 614, 412, 0, -691, -265, 253, 22, -131, -187, 681, 1934, -1219, -3587, 244, 3954, -1924, -9890, 4799, 16437, 838, -13429, -8845, 5473, 10810, 1249, -7021, -2531, 1302, 510, 590, -27, -139, 214, 319, 90, -453, 4, 139, -464, -437, 107, 953, 509, -626, -565, -12, 235, 375, 162, -286, -247, -22, 144, 88, -153, -50, 70, 89, 121, 39, -89, -267, -75, 280, 125, -174, -80, 95, 7, -133, -114, 232, 300, -98, -223, -121, 53, 120, -15, -64, 7, 64, 18, -44, -20, -26, -46, 120, 181, -92, -144, -58, 4, 51, -29, -31, 7, 195, 200, -268, -306, 173, 341, -145, -437, 14, 299, 199, -48, -147, -32, -47, -83, 170]"
"[-49, 14, 41, 44, 22, -48, -17, 59, 99, -192, -480, 136, 587, 451, 24, -700, -278, 250, 20, -120, -124, 687, 1821, -1404, -3590, 506, 3521, -2191, -9050, 6170, 16692, -1413, -14620, -7329, 6549, 10210, 571, -7036, -2374, 1536, 558, 522, 13, -173, 90, 316, 180, -365, 4, 29, -548, -357, 199, 973, 525, -717, -694, 31, 358, 435, 144, -382, -290, 26, 179, 80, -149, -40, 60, 29, 60, 110, -3, -260, -75, 242, 68, -210, -73, 194, 66, -177, -148, 163, 229, 18, -83, -171, -52, 98, 33, -17, 12, 0, -45, -4, 27, -6, -37, 108, 172, -107, -149, -69, -19, 92, 15, -34, 0, 155, 160, -247, -280, 227, 401, -227, -542, 42, 389, 229, -87, -228, -72, 17, -40, 179]"
"[2, 3, -5, 2, -2, 15, 46, 52, 61, -234, -486, 186, 622, 427, 4, -702, -275, 241, 2, -100, -24, 671, 1593, -1599, -3540, 947, 3480, -2484, -8608, 6778, 16558, -2680, -15104, -6156, 7222, 9540, 88, -6940, -2354, 1656, 617, 583, 169, -187, -38, 138, 130, -190, 114, -41, -641, -306, 312, 920, 429, -713, -651, 56, 333, 406, 170, -327, -308, -50, 175, 168, -112, -105, 38, 67, 73, 30, -95, -174, 35, 258, 50, -285, -122, 209, 86, -118, -80, 92, 121, 21, -25, -130, -67, 74, 23, 3, 30, 8, -24, -10, 7, -45, -34, 144, 141, -170, -177, 47, 100, 21, -93, -51, 35, 192, 176, -244, -285, 187, 389, -217, -573, 53, 437, 263, -89, -270, -85, 10, -55, 207]"
"[24, 20, -1, -34, -22, 14, 38, 69, 73, -232, -472, 202, 638, 370, -56, -678, -229, 256, -8, -107, 108, 651, 1169, -1955, -3418, 1946, 3952, -3318, -8970, 7138, 16632, -2987, -15017, -5711, 7287, 8902, -220, -6600, -2263, 1643, 648, 633, 203, -183, -25, 44, 34, -102, 221, -78, -693, -289, 313, 865, 387, -622, -551, 51, 310, 285, 76, -224, -191, -82, 81, 162, -53, -88, 30, 62, 53, -21, -102, -78, 86, 177, -15, -251, -80, 212, 47, -81, 45, 35, -56, -19, 73, -35, -124, 29, 83, 46, 36, -20, -32, -58, -39, -8, 5, 157, 140, -199, -225, 60, 145, 64, -85, -79, 34, 156, 153, -198, -246, 131, 303, -197, -524, 113, 468, 220, -129, -286, -75, 50, -37, 184]"
"[11, 25, -1, -30, -10, 23, 36, 51, 73, -224, -475, 198, 640, 372, -66, -677, -231, 267, 16, -94, 295, 544, 348, -2285, -2685, 3377, 4026, -4870, -9053, 8189, 16661, -3975, -15211, -5031, 7393, 8484, -344, -6299, -2165, 1496, 579, 726, 244, -201, 5, 65, 21, -147, 210, -65, -683, -258, 325, 786, 294, -528, -400, 59, 244, 169, 18, -130, -114, -93, 44, 146, -62, -91, 42, 117, 99, -83, -174, -70, 132, 188, -60, -235, -1, 175, -69, -73, 163, 123, -74, -184, -21, 75, -35, 19, 45, 34, 89, -28, -98, -107, -49, 69, 26, 135, 157, -135, -153, -45, 18, 73, -25, 1, 63, 80, 85, -172, -189, 144, 260, -243, -524, 193, 528, 158, -209, -265, 7, 70, -69, 123]"
"[-25, -10, -2, 12, -5, 12, 51, 56, 53, -244, -475, 226, 664, 365, -78, -703, -246, 290, 30, -85, 439, 416, -399, -2319, -1616, 4288, 3410, -6293, -8713, 9581, 16773, -5360, -15877, -4316, 7830, 8497, -428, -6362, -2087, 1468, 484, 704, 280, -175, -40, 71, 78, -110, 200, -126, -695, -201, 376, 710, 183, -500, -318, 115, 246, 128, 15, -163, -169, -44, 129, 143, -113, -144, 12, 166, 160, -71, -215, -98, 175, 203, -113, -242, 65, 178, -145, -124, 159, 237, 33, -250, -112, 41, -29, 74, 81, 30, 81, -54, -129, -97, -24, 86, 44, 142, 147, -226, -234, 61, 117, 62, -46, -16, 64, 70, 90, -167, -193, 123, 231, -215, -471, 184, 471, 130, -188, -214, 17, 57, -42, 104]"
"[-20, 1, 3, 16, 10, -3, 19, 37, 40, -193, -401, 230, 622, 281, -112, -622, -194, 250, -2, -59, 547, 270, -1033, -2164, -538, 4811, 2831, -7310, -8559, 10108, 16457, -5538, -15683, -4154, 7767, 8536, -300, -6378, -2096, 1351, 367, 756, 376, -149, -105, 27, 115, -55, 205, -169, -717, -189, 398, 728, 155, -533, -291, 163, 270, 65, -87, -159, -90, 52, 144, 35, -144, -95, 3, 118, 152, 28, -134, -176, 99, 196, -94, -205, 71, 149, -158, -113, 146, 246, 65, -256, -145, 70, 40, 44, 25, 27, 118, -79, -208, -83, 32, 125, 9, 96, 175, -138, -201, -33, 71, 79, -45, -8, 73, 69, 67, -177, -173, 168, 243, -268, -507, 211, 511, 143, -189, -255, -35, 68, 0, 163]"
"[35, -8, -31, -29, -7, 32, 36, 50, 58, -217, -439, 235, 672, 296, -149, -675, -209, 307, 44, -61, 579, 110, -1537, -1845, 473, 4967, 2420, -7965, -8934, 9858, 16177, -4341, -14709, -4816, 7146, 8507, -112, -6258, -2127, 1287, 383, 763, 323, -161, -67, 78, 127, -104, 185, -163, -736, -198, 431, 765, 121, -579, -264, 248, 301, -39, -164, -98, -31, 26, 107, 58, -119, -110, -29, 116, 174, 74, -104, -245, 41, 224, -54, -211, 33, 164, -114, -107, 114, 220, 71, -206, -108, 25, -19, 38, 56, 73, 122, -125, -213, -58, 13, 105, 38, 119, 155, -129, -132, -112, -86, 132, 82, 52, 72, -2, 27, -176, -167, 188, 246, -267, -503, 215, 515, 131, -201, -239, 4, 46, -68, 133]"
"[-30, 14, 48, 8, -38, -25, 55, 79, 19, -250, -415, 296, 691, 240, -188, -667, -205, 341, 92, -82, 555, -29, -1887, -1531, 1260, 5058, 2305, -8609, -9877, 9611, 16535, -2897, -14108, -5758, 6782, 8635, -90, -6302, -2120, 1344, 380, 702, 278, -99, 4, 61, 90, -114, 192, -174, -758, -168, 457, 753, 130, -562, -265, 194, 275, -6, -154, -109, -22, 46, 110, 30, -124, -101, -57, 117, 226, 110, -120, -317, 3, 289, 13, -236, -16, 136, -119, -82, 123, 233, 104, -220, -145, -5, -28, 79, 82, 76, 113, -142, -200, -47, 5, 85, 25, 133, 166, -141, -157, -67, -13, 94, 9, -1, 45, 90, 97, -204, -212, 192, 305, -261, -548, 160, 501, 187, -161, -253, -11, 31, -85, 121]"
"[-52, 17, 34, 27, -3, -20, 33, 56, 30, -227, -415, 265, 670, 266, -162, -662, -193, 319, 76, -86, 534, -183, -2257, -1042, 2294, 4933, 1798, -9530, -11163, 10378, 18367, -1984, -14633, -7256, 6635, 9252, -132, -6573, -2211, 1661, 597, 572, 128, -105, 78, 94, 54, -151, 182, -128, -718, -179, 436, 754, 148, -577, -289, 218, 305, -40, -194, -62, 33, 1, 40, 56, -70, -92, -84, 106, 254, 117, -162, -333, 33, 342, 56, -300, -97, 125, -82, -14, 143, 169, 42, -200, -103, 41, 12, 25, 20, 53, 130, -87, -194, -90, -9, 116, 35, 130, 165, -150, -144, -50, -21, 57, -19, 6, 45, 159, 179, -265, -295, 156, 290, -197, -493, 149, 473, 187, -121, -277, -72, 15, -78, 185]"
"[2, -17, -26, 3, 9, 29, 57, 31, -8, -236, -390, 314, 695, 199, -218, -635, -162, 321, 74, -90, 461, -338, -2471, -433, 3209, 4413, 1041, -9758, -11504, 10569, 19043, -1270, -14653, -8163, 6430, 9562, -162, -6690, -2218, 1849, 698, 478, 52, -98, 121, 119, 47, -180, 165, -149, -735, -119, 479, 729, 157, -586, -317, 186, 254, -20, -130, 18, 41, -107, -9, 101, -40, -95, -100, 106, 275, 127, -153, -370, -30, 363, 132, -265, -157, 61, -56, 77, 179, 105, 24, -207, -152, 23, 26, 107, 70, 8, 98, -88, -187, -97, -25, 148, 88, 103, 118, -182, -177, 1, 42, 67, -46, -33, 60, 192, 176, -302, -296, 183, 281, -215, -470, 187, 484, 118, -194, -235, 0, 60, -73, 102]"
"[10, 3, -20, -4, 15, 15, 35, 33, -8, -215, -339, 319, 663, 121, -270, -564, -100, 321, 64, -112, 463, -337, -2497, -480, 3163, 4533, 1214, -9906, -11931, 10702, 19671, -1080, -14990, -8635, 6461, 9874, -183, -6882, -2258, 2031, 760, 408, 95, -74, 52, 28, 51, -80, 156, -202, -714, -27, 532, 624, 49, -572, -242, 264, 230, -126, -122, 124, 84, -202, -90, 114, -13, -28, -45, 75, 241, 73, -186, -316, 1, 338, 112, -241, -143, 55, -45, 82, 190, 90, -16, -257, -182, 143, 163, 53, -34, -94, 53, 22, -129, -107, -18, 153, 85, 64, 111, -144, -135, -38, -10, 44, -62, 7, 101, 207, 148, -336, -270, 235, 294, -286, -524, 222, 533, 133, -214, -279, -2, 95, -79, 95]"
"[-23, 62, 42, -28, -35, 7, 64, 61, -28, -243, -312, 388, 711, 14, -385, -537, -47, 378, 80, -146, 455, -347, -2520, -472, 3152, 4575, 1428, -9967, -12419, 10551, 20142, -535, -15068, -9324, 6229, 10276, 3, -6948, -2279, 2022, 764, 396, 99, -130, -43, 61, 132, -14, 138, -292, -726, 42, 546, 594, 67, -540, -213, 179, 94, -68, 27, 158, 6, -277, -93, 162, 13, -13, -28, 37, 186, 57, -179, -255, 42, 336, 117, -290, -179, 59, -54, 112, 245, 80, -87, -287, -128, 210, 145, -14, -39, -51, 65, 12, -111, -113, -55, 134, 108, 91, 67, -165, -83, 21, -18, -19, -69, 34, 86, 188, 165, -287, -252, 159, 230, -216, -451, 199, 498, 127, -215, -275, 1, 94, -80, 91]"
"[-45, 16, 38, 17, -17, -9, 63, 30, -89, -200, -215, 391, 635, -26, -333, -497, -86, 333, 96, -89, 443, -467, -2658, -186, 3590, 4396, 1150, -10223, -12863, 10815, 21009, -134, -15578, -10374, 5964, 11274, 577, -7224, -2484, 1838, 705, 499, 132, -150, -55, 94, 171, -46, 74, -307, -693, 101, 551, 550, 74, -514, -211, 133, 55, -38, 64, 162, -10, -310, -123, 211, 74, -34, -72, 25, 211, 68, -201, -280, 37, 391, 168, -334, -236, 68, -17, 115, 220, 66, -88, -256, -106, 196, 130, -30, -46, -3, 113, -40, -171, -94, -16, 123, 68, 114, 111, -163, -101, 4, -3, -18, -91, 3, 44, 239, 268, -259, -303, 41, 192, -100, -380, 130, 422, 159, -147, -240, 7, 9, -165, 149]"
"[6, -28, -38, 17, 32, 19, 33, 12, -59, -185, -221, 373, 639, -38, -367, -492, -65, 354, 102, -110, 439, -444, -2623, -241, 3503, 4450, 1273, -10245, -12985, 10748, 21132, 38, -15727, -10794, 5802, 11894, 1034, -7477, -2701, 1707, 699, 572, 89, -168, -23, 184, 228, -116, 31, -311, -705, 101, 545, 590, 132, -541, -292, 88, 90, 69, 103, 61, -90, -257, -49, 217, 44, -60, -50, 12, 144, 95, -116, -266, -21, 362, 207, -314, -244, 40, -62, 106, 231, 129, -37, -257, -92, 111, 31, 9, 16, 41, 120, -71, -188, -96, -1, 146, 86, 74, 73, -167, -111, 36, 16, -17, -67, 23, 40, 157, 192, -179, -198, 34, 141, -133, -352, 136, 365, 148, -80, -187, -16, -72, -184, 186]"
"[21, 20, 1, -25, -11, 22, 68, 9, -137, -169, -77, 432, 562, -238, -462, -324, 46, 343, 80, -148, 410, -450, -2634, -135, 3658, 4340, 1122, -10197, -12769, 10506, 20538, 250, -15138, -10637, 5546, 11687, 1106, -7336, -2616, 1623, 605, 531, 95, -107, 11, 149, 197, -120, 23, -303, -702, 108, 547, 598, 149, -552, -323, 103, 166, 64, 8, 0, -57, -153, -22, 160, 29, -43, -36, -11, 107, 111, -79, -262, -34, 347, 205, -309, -252, 39, -34, 134, 212, 56, -68, -171, -29, 53, -43, 28, 67, 75, 139, -111, -209, -94, -5, 120, 56, 93, 64, -133, -35, 28, -41, -38, -25, 19, -8, 163, 200, -169, -170, 49, 122, -168, -349, 164, 377, 124, -107, -170, 8, -71, -188, 175]"
"[-45, 23, 51, 19, -28, -30, 55, 43, -140, -154, -9, 430, 516, -316, -501, -260, 76, 342, 80, -134, 410, -485, -2662, -33, 3858, 4157, 480, -9981, -11415, 10791, 19332, -1136, -15119, -9155, 5996, 11150, 917, -7259, -2510, 1608, 573, 467, 24, -80, 70, 208, 194, -195, -7, -240, -646, 90, 538, 571, 118, -543, -282, 99, 89, 47, 61, 62, -68, -206, -21, 199, 56, -91, -115, 11, 182, 143, -115, -295, -8, 350, 172, -309, -230, 37, -67, 156, 271, 54, -89, -188, -29, 34, -75, 38, 74, 91, 134, -106, -183, -88, -13, 101, 67, 109, 73, -179, -91, 49, -16, -35, -64, 61, 111, 150, 86, -271, -154, 202, 187, -274, -415, 199, 401, 105, -134, -124, 82, -106, -271, 155]"
"[-15, -14, 13, 16, -18, -11, 61, 32, -138, -153, -20, 427, 528, -307, -517, -273, 87, 367, 96, -160, 360, -498, -2632, 63, 4001, 3954, -180, -9886, -10341, 11509, 18809, -2712, -15484, -7686, 6736, 10331, 282, -7066, -2249, 1715, 552, 397, -7, -88, 80, 255, 224, -244, -67, -227, -609, 135, 561, 529, 88, -550, -272, 111, 77, 49, 85, 55, -110, -194, 37, 205, 16, -129, -115, 51, 195, 127, -111, -272, 25, 284, 62, -284, -163, 97, -40, 124, 243, 11, -106, -133, 14, 14, -93, 20, 53, 101, 146, -74, -159, -111, -33, 101, 77, 113, 91, -173, -130, 2, 1, 44, -33, 18, 96, 119, 53, -217, -97, 170, 142, -283, -424, 237, 436, 94, -145, -131, 75, -108, -268, 165]"
"[7, -8, -18, -11, -11, 24, 67, 31, -95, -193, -152, 395, 590, -145, -427, -392, 6, 350, 76, -121, 437, -475, -2666, -62, 3929, 3962, -624, -9695, -9178, 12228, 18374, -4637, -16259, -6057, 7710, 9650, -344, -6986, -2045, 1837, 565, 335, -74, -91, 152, 331, 202, -349, -99, -148, -546, 127, 545, 481, 68, -523, -271, 83, 49, 113, 165, 8, -193, -189, 99, 228, -7, -173, -135, 97, 254, 112, -163, -300, 58, 305, 1, -307, -138, 173, 41, 97, 178, -75, -112, -56, 27, -21, -124, 29, 81, 144, 165, -138, -213, -75, 26, 101, 39, 86, 73, -154, -98, 38, -15, 7, 8, 58, 57, 16, 31, -84, -23, 66, 54, -243, -371, 248, 418, 81, -123, -116, 68, -144, -288, 185]"
"[12, -12, -4, -21, -35, 21, 85, 42, -96, -208, -179, 409, 619, -115, -417, -427, -14, 356, 89, -122, 413, -478, -2652, -72, 3992, 3950, -1188, -9878, -8365, 13566, 18723, -6788, -17518, -4789, 8532, 9331, -578, -6916, -2110, 1755, 646, 478, -101, -167, 206, 373, 165, -414, -151, -93, -412, 182, 477, 299, 2, -373, -175, 46, -20, 100, 204, 32, -184, -180, 106, 151, -80, -97, -39, 99, 204, 39, -183, -210, 134, 242, -92, -299, -77, 194, 12, 86, 182, -73, -95, -35, 20, -63, -141, 56, 98, 161, 186, -178, -261, -53, 66, 93, 11, 68, 56, -114, -55, 29, -1, -11, -47, 41, 107, 48, 3, -136, -57, 120, 107, -269, -434, 279, 512, 87, -164, -194, 5, -94, -233, 241]"
"[8, 47, 28, -31, -44, 0, 69, 61, -77, -202, -157, 394, 597, -151, -448, -389, 17, 364, 85, -125, 441, -458, -2653, -188, 3904, 3976, -1631, -9613, -6898, 14024, 17603, -8675, -17786, -2868, 9331, 8456, -1103, -6785, -1952, 1859, 645, 386, -132, -69, 276, 291, 108, -391, -141, -96, -412, 194, 486, 314, 24, -403, -203, 49, 0, 116, 196, -16, -243, -111, 206, 145, -154, -154, -21, 169, 228, 3, -193, -218, 109, 226, -130, -233, 46, 221, -30, -54, 108, 25, -20, -37, 3, -89, -147, 56, 77, 154, 177, -128, -203, -71, 44, 67, -25, 80, 116, -97, -114, -12, 9, 42, 11, 44, 65, -26, 7, -72, -55, 63, 72, -236, -408, 314, 551, 31, -252, -191, 66, -21, -192, 171]"
"[-52, 10, 59, 41, -18, -63, 16, 65, -55, -159, -132, 360, 558, -157, -427, -347, 41, 327, 39, -144, 473, -365, -2596, -397, 3686, 4080, -1881, -9333, -5552, 14255, 16345, -10238, -17753, -1164, 9813, 7686, -1358, -6591, -1877, 1798, 613, 394, -128, -35, 300, 267, 106, -419, -190, -67, -380, 216, 522, 298, -15, -435, -213, 83, 38, 107, 145, -36, -202, -65, 190, 88, -149, -95, -13, 110, 204, 48, -152, -231, 76, 188, -134, -172, 60, 179, -34, -19, 111, 13, 6, -54, -34, -83, -122, 38, 45, 161, 181, -116, -169, -69, -4, 53, 36, 110, 76, -128, -91, 6, 8, 33, 10, 39, 54, -53, -46, -2, 74, 57, -29, -334, -392, 444, 604, -63, -338, -165, 104, 26, -175, 144]"
"[-3, -3, 0, 16, 9, -11, 24, 17, -97, -123, -56, 368, 519, -251, -495, -275, 102, 351, 43, -162, 515, -314, -2560, -682, 3289, 4389, -1413, -9158, -5403, 13733, 15609, -10131, -17270, -726, 9816, 7352, -1406, -6523, -1909, 1749, 622, 464, -103, -76, 283, 270, 92, -420, -148, -48, -429, 136, 503, 398, 39, -468, -221, 64, 3, 103, 161, 7, -186, -98, 184, 88, -181, -103, 4, 157, 235, 8, -190, -247, 61, 209, -106, -134, 87, 110, -117, 11, 212, 62, -41, -168, -77, 10, -49, 47, 42, 82, 103, -71, -105, -42, -9, 23, 25, 114, 82, -151, -127, 36, 33, 29, 20, 58, 53, -90, -74, 14, 101, 96, -10, -372, -398, 424, 563, -51, -307, -153, 91, 20, -150, 153]"
"[-11, 2, -6, -4, -9, 23, 79, 19, -124, -185, -102, 419, 566, -215, -463, -323, 61, 327, 24, -127, 555, -254, -2451, -919, 2866, 4557, -1043, -8893, -5120, 13331, 14911, -10261, -16890, -162, 9838, 6908, -1515, -6332, -1844, 1694, 590, 476, -66, -45, 267, 218, 106, -378, -162, -96, -454, 201, 589, 362, -70, -505, -185, 151, 49, 63, 122, -28, -205, -40, 266, 66, -263, -164, 14, 246, 289, -32, -246, -263, 86, 241, -123, -147, 125, 128, -162, -36, 230, 118, -44, -188, -50, -12, -111, 78, 121, 89, 68, -121, -129, -16, 3, 49, 45, 109, 100, -167, -146, 17, 4, 30, 40, 98, 65, -139, -112, 31, 128, 128, 6, -415, -435, 423, 550, -10, -255, -163, 58, 22, -112, 112]"
"[14, 11, -3, -21, -22, 20, 76, 33, -108, -179, -98, 401, 550, -214, -466, -317, 72, 347, 36, -157, 548, -166, -2292, -1178, 2349, 4870, 0, -9094, -6719, 12792, 15891, -8681, -16585, -1396, 9335, 7081, -1392, -6163, -1837, 1577, 574, 551, -29, -89, 230, 200, 95, -335, -122, -112, -479, 180, 577, 385, -64, -497, -151, 150, 15, 22, 120, 28, -187, -79, 248, 108, -228, -190, 6, 238, 238, -53, -223, -177, 120, 195, -104, -158, 65, 77, -190, 69, 348, 80, -143, -251, -50, 85, -37, 41, 58, 37, 66, -46, -92, -35, 17, 0, -32, 139, 166, -151, -187, -18, 27, 79, 29, 56, 76, -81, -77, -25, 81, 123, -5, -406, -435, 466, 612, -36, -306, -200, 57, 71, -82, 82]"
"[-5, 10, 7, 0, -11, 10, 68, 35, -86, -210, -189, 406, 624, -108, -422, -438, -7, 371, 55, -145, 551, -96, -2115, -1399, 1874, 5049, 605, -9421, -8143, 13478, 18209, -8430, -17946, -2758, 9471, 7947, -1407, -6421, -1823, 1767, 615, 431, -71, -14, 290, 171, 53, -335, -86, -120, -512, 164, 577, 397, -83, -472, -75, 156, -55, -57, 129, 135, -147, -170, 179, 148, -187, -170, 32, 221, 204, -95, -233, -117, 145, 179, -80, -152, 39, 20, -223, 119, 392, 78, -172, -275, -52, 123, 16, 37, 26, -28, 27, 15, -47, -54, -23, 31, 44, 104, 85, -163, -167, 31, 75, 55, -45, 11, 97, 25, -16, -105, 17, 125, 34, -381, -471, 415, 614, 37, -292, -243, 50, 100, -65, 77]"
"[-10, -17, -18, 32, 27, 3, 46, 5, -108, -174, -145, 404, 597, -134, -424, -408, 20, 365, 34, -163, 562, -39, -1998, -1525, 1463, 5065, 1245, -9030, -8655, 12575, 18193, -7442, -17643, -3154, 9535, 7844, -1841, -6459, -1518, 2071, 583, 188, -132, 41, 331, 202, 6, -364, 9, -44, -564, -8, 511, 553, 6, -502, -86, 119, -92, -36, 173, 138, -156, -193, 144, 130, -175, -90, 84, 138, 109, -74, -177, -75, 142, 145, -89, -162, 35, 66, -151, 72, 310, 23, -207, -178, 25, 118, 24, -3, -47, -39, 72, 87, -15, -107, -55, 9, 23, 129, 88, -152, -131, 36, 58, 36, -46, 24, 123, 15, -53, -128, 17, 163, 49, -388, -455, 406, 584, 28, -274, -235, 54, 106, -81, 43]"
"[15, 7, -14, -26, -16, 29, 72, 24, -112, -174, -111, 402, 559, -187, -447, -337, 60, 335, 3, -153, 559, 132, -1469, -1955, 215, 5076, 2528, -8404, -9774, 11639, 18905, -6106, -17491, -4374, 8988, 8336, -1507, -6476, -1629, 2037, 630, 198, -137, 33, 329, 194, 5, -373, -8, -19, -510, -53, 397, 571, 109, -434, -112, 23, -114, 32, 215, 106, -196, -178, 184, 116, -216, -84, 107, 139, 118, -70, -197, -109, 119, 195, -14, -152, -18, -13, -137, 150, 286, -47, -189, -95, 41, 67, 8, 2, -38, -26, 68, 82, 29, -123, -127, -7, 55, 141, 41, -122, -46, 48, 25, -35, -80, 50, 124, 59, 14, -134, -12, 83, -3, -319, -420, 389, 584, 72, -225, -302, -35, 113, -34, 86]"
"[16, 28, 10, -8, -9, -13, 33, 39, -80, -156, -119, 372, 559, -157, -426, -373, 15, 351, 33, -136, 505, 225, -990, -2127, -707, 4738, 3179, -7512, -10007, 10761, 18970, -5331, -17377, -5145, 8578, 8968, -976, -6654, -1881, 1875, 639, 352, -74, -45, 270, 210, 10, -379, 15, 36, -490, -157, 309, 627, 170, -402, -109, -24, -137, 73, 248, 66, -234, -172, 187, 142, -174, -95, 83, 92, 62, -34, -147, -59, 160, 133, -102, -176, -5, 84, -68, 104, 223, -75, -176, -50, 59, 42, -27, 5, 8, -13, 8, 40, 35, -42, -55, -40, -13, 118, 102, -87, -99, -10, 38, 27, -69, 9, 104, 81, 36, -129, -25, 51, -4, -271, -402, 355, 574, 67, -252, -298, -27, 132, -24, 103]"
"[-30, -13, 12, 43, 9, -34, 23, 49, -53, -173, -162, 353, 560, -114, -398, -376, 18, 335, 8, -150, 496, 313, -761, -2238, -1109, 4634, 3613, -7329, -10747, 10474, 19871, -4422, -17713, -6650, 7998, 10262, -107, -6975, -2200, 1611, 583, 470, -64, -26, 299, 227, 22, -405, 7, 44, -491, -190, 274, 659, 221, -394, -141, -81, -160, 145, 310, 43, -263, -194, 175, 163, -155, -98, 71, 117, 124, -88, -264, -74, 221, 240, -65, -270, -57, 118, -25, 84, 187, -71, -158, -41, 54, 28, -10, 24, -25, -52, 44, 90, -8, -94, -22, 26, 13, 65, 69, -114, -126, 12, 43, 59, -41, -27, 55, 120, 111, -134, -87, 11, 42, -194, -372, 250, 469, 107, -179, -253, -19, 89, -44, 73]"
"[16, -6, -14, -1, -3, 13, 58, 23, -92, -170, -145, 367, 546, -108, -368, -373, 10, 318, -3, -154, 406, 431, -186, -2295, -1993, 4063, 4168, -6349, -11085, 9442, 19955, -3176, -17335, -7939, 7171, 11199, 739, -7125, -2450, 1324, 501, 563, -50, 11, 329, 214, -3, -438, 10, 110, -470, -276, 224, 730, 280, -420, -186, -87, -122, 161, 260, 31, -210, -165, 157, 125, -165, -79, 87, 120, 124, -119, -302, -40, 264, 240, -72, -280, -74, 106, -33, 101, 193, -38, -103, -63, 24, -30, -83, 42, 13, 38, 110, 28, -62, -121, -47, 50, 47, 110, 75, -153, -92, 6, -39, 36, 5, 21, 47, 102, 113, -140, -97, 6, 37, -158, -326, 208, 401, 100, -148, -197, -1, 43, -85, 90]"
"[-1, 30, 25, -7, -6, -23, 16, 46, -47, -134, -113, 320, 504, -140, -385, -331, 24, 316, 3, -151, 400, 421, -175, -2272, -1983, 4042, 4199, -6272, -10946, 9054, 19274, -2708, -16427, -8104, 6450, 11178, 1183, -7019, -2617, 1202, 529, 650, -22, -68, 267, 277, 70, -471, -41, 134, -424, -313, 161, 753, 335, -411, -235, -117, -68, 206, 209, -47, -199, -88, 165, 98, -145, -81, 31, 99, 181, -37, -306, -162, 200, 325, -14, -296, -83, 125, 16, 32, 87, -35, -79, 11, 93, -42, -98, -4, -21, 31, 119, 79, -51, -167, -44, 75, 4, 83, 121, -104, -125, -29, 10, 67, -24, -46, 10, 145, 129, -120, -78, 13, 60, -180, -361, 189, 415, 135, -126, -225, -50, 17, -71, 155]"
"[-14, -17, -15, 22, 28, 5, 24, 3, -102, -116, -46, 367, 502, -229, -451, -291, 86, 331, -40, -176, 442, 431, -280, -2266, -1820, 4035, 3787, -6014, -9610, 8772, 17274, -3390, -15118, -6524, 6270, 9843, 880, -6500, -2459, 1165, 499, 701, 90, -125, 148, 239, 146, -390, -66, 27, -464, -237, 213, 758, 335, -464, -269, -66, -12, 177, 155, -59, -185, -69, 169, 112, -150, -132, 1, 165, 225, -35, -258, -197, 147, 278, -46, -270, -98, 172, 110, 79, 97, -188, -233, 81, 225, 26, -150, -80, 7, 68, 105, 61, -55, -177, -59, 113, 50, 54, 89, -90, -103, -49, -10, 70, -32, -13, 74, 121, 66, -156, -73, 73, 94, -205, -398, 176, 435, 169, -114, -253, -69, 13, -62, 178]"
"[16, -23, -58, 3, 35, 47, 60, -10, -117, -164, -114, 400, 583, -182, -470, -370, 57, 390, 13, -205, 357, 443, -66, -2194, -2011, 3585, 3306, -5357, -8446, 8815, 16272, -4321, -14670, -5208, 6559, 8630, 169, -6077, -2134, 1355, 528, 587, 79, -154, 88, 266, 201, -370, -101, -6, -441, -171, 254, 691, 248, -482, -233, 43, 42, 87, 107, -69, -212, -51, 173, 164, -71, -159, -62, 119, 224, 13, -230, -205, 152, 248, -104, -257, -57, 190, 76, 102, 183, -214, -333, 30, 251, 141, -88, -170, -59, 71, 113, 77, -57, -147, -6, 89, -18, 19, 95, -33, -75, -48, -11, 37, -35, 17, 74, 86, 64, -119, -57, 36, 50, -190, -361, 218, 448, 107, -153, -220, -42, -19, -117, 222]"
"[-4, 3, 6, 5, -1, 3, 50, 10, -118, -118, -21, 356, 471, -249, -464, -254, 100, 348, -1, -203, 308, 465, 153, -2119, -2232, 3119, 2986, -4629, -7536, 8580, 15462, -4823, -14279, -4389, 6589, 7826, -131, -5657, -1945, 1296, 455, 587, 142, -130, 70, 218, 174, -334, -84, -25, -418, -107, 279, 588, 177, -459, -203, 86, 24, 50, 130, -14, -206, -102, 166, 188, -69, -195, -86, 158, 230, 4, -205, -172, 154, 195, -130, -232, -46, 183, 71, 122, 221, -230, -362, -8, 230, 188, -60, -180, -35, 88, 88, 1, -102, -67, 63, 79, -25, -22, 47, -3, -13, -61, -76, 34, 22, 51, 47, 21, 50, -58, -21, 6, 31, -199, -371, 217, 444, 130, -140, -226, -39, -17, -111, 204]"
"[-43, 5, 26, 32, 3, -12, 55, 13, -129, -161, -94, 418, 570, -205, -451, -344, 46, 347, -11, -191, 279, 519, 338, -2079, -2365, 2725, 2524, -4138, -6686, 8889, 15277, -5786, -14601, -3779, 6752, 7477, -270, -5367, -1847, 1176, 408, 665, 223, -155, 19, 167, 180, -274, -102, -91, -420, 3, 335, 511, 137, -452, -198, 93, 21, 51, 157, -13, -229, -136, 132, 215, -19, -164, -89, 87, 157, 40, -127, -108, 170, 64, -252, -167, 59, 232, 57, 39, 184, -194, -341, -2, 224, 178, -71, -165, -32, 89, 113, 27, -95, -154, -20, 149, 52, -10, 59, -36, -77, -73, -13, 90, -2, -25, 26, 82, 99, -86, -70, -6, 50, -164, -357, 186, 410, 146, -104, -218, -53, -42, -121, 230]"
"[5, 6, -22, -15, -8, 46, 95, 6, -147, -164, -55, 408, 512, -241, -449, -282, 82, 324, -49, -214, 158, 604, 840, -1864, -2728, 1706, 1743, -2958, -5149, 9012, 14513, -7115, -14768, -2625, 7084, 6855, -569, -5111, -1707, 1178, 387, 662, 260, -174, -29, 177, 238, -264, -156, -146, -411, 95, 375, 444, 122, -425, -204, 58, 2, 93, 216, -16, -262, -187, 104, 220, -41, -95, 13, 65, 88, -6, -96, -68, 152, 28, -268, -135, 93, 242, 54, -9, 135, -143, -264, -20, 172, 162, -47, -140, -7, 46, 37, 34, -39, -112, -53, 114, 87, 19, 19, -68, -32, -42, -69, 53, 58, 42, 6, -29, 51, 6, 3, -32, -18, -198, -346, 271, 486, 87, -194, -243, -20, 19, -120, 199]"
"[-7, 40, 44, -24, -42, -16, 47, 56, -86, -166, -110, 403, 579, -204, -470, -358, 26, 373, 31, -194, 45, 540, 1065, -1619, -2769, 1044, 949, -2271, -3712, 9413, 13776, -8595, -14987, -1390, 7463, 6276, -853, -4942, -1599, 1237, 408, 619, 265, -174, -62, 161, 270, -229, -183, -193, -405, 168, 420, 386, 53, -431, -174, 145, 62, -22, 98, 32, -185, -167, 78, 193, -41, -61, 55, 44, 49, -28, -91, -59, 113, 44, -213, -87, 138, 156, -55, -28, 151, -37, -186, -62, 113, 131, -14, -107, -43, 21, 77, 55, -96, -119, 43, 138, 25, -42, 28, -53, -74, -5, -12, 57, 56, 31, 10, -30, 58, -34, -38, -1, -5, -225, -372, 317, 534, 78, -226, -263, 4, 55, -108, 142]"
"[-33, -11, 5, 22, 1, 2, 42, 29, -57, -168, -183, 351, 582, -82, -374, -413, -20, 327, 0, -183, -60, 560, 1357, -1277, -2695, 210, 268, -1625, -2994, 9366, 13381, -8874, -14809, -1043, 7405, 5907, -938, -4644, -1458, 1129, 311, 598, 301, -129, -82, 140, 301, -197, -192, -268, -470, 262, 557, 353, -69, -512, -145, 267, 103, -101, 57, 43, -171, -142, 95, 150, -97, -35, 94, 79, 92, -65, -136, -92, 87, 56, -195, -24, 192, 114, -114, -94, 111, 90, -56, -122, 9, 83, 22, -42, -70, -30, 82, 122, -47, -169, -16, 141, 47, -23, 34, -37, -64, -53, -38, 90, 85, 14, -31, -56, 38, 15, -2, 18, 15, -265, -401, 316, 543, 88, -234, -279, -6, 77, -91, 144]"
"[27, 1, -13, -21, -15, 12, 64, 39, -88, -195, -177, 405, 614, -120, -416, -409, 4, 343, 0, -191, -147, 530, 1552, -932, -2583, -550, -277, -942, -2376, 8926, 12640, -8587, -13948, -835, 6972, 5214, -1059, -4132, -1268, 1038, 263, 537, 280, -64, -34, 108, 250, -195, -134, -225, -480, 164, 476, 412, 8, -447, -126, 164, 38, -53, 96, 37, -197, -140, 107, 158, -76, -27, 89, 33, 61, -36, -133, -88, 114, 81, -199, -60, 204, 109, -173, -91, 177, 150, -51, -201, -27, 102, 2, -43, -50, 14, 114, 94, -92, -194, -7, 194, 83, -37, 16, -105, -118, 29, 43, 66, 47, -2, -41, -60, 55, 58, 10, -26, 0, -245, -395, 316, 554, 73, -264, -276, 7, 103, -57, 129]"
"[-19, 49, 50, -13, -40, -19, 55, 72, -44, -219, -248, 389, 654, -49, -385, -473, -44, 352, 24, -181, -224, 484, 1621, -654, -2346, -897, -420, -1101, -3098, 9112, 13541, -7998, -14063, -1521, 6770, 5254, -1106, -3919, -1127, 994, 240, 485, 236, -88, -49, 204, 337, -267, -227, -202, -387, 149, 374, 396, 88, -389, -151, 71, -10, 26, 161, 13, -227, -137, 122, 156, -80, -46, 56, 59, 124, -20, -161, -146, 100, 127, -166, -88, 132, 110, -119, -16, 204, 85, -68, -209, -52, 87, -24, 6, 10, 18, 89, 56, -82, -164, -9, 152, 42, -16, 45, -46, -70, -35, -6, 68, 56, -5, -50, -31, 85, 37, -31, -34, 30, -205, -389, 277, 541, 91, -249, -296, -25, 121, -46, 134]"
"[-39, -14, -3, 42, 40, -12, 3, 10, -47, -149, -220, 339, 617, -16, -364, -480, -39, 363, 30, -211, -297, 449, 1655, -379, -1996, -1225, -954, -1550, -3606, 10496, 15353, -8819, -15461, -1802, 7223, 5395, -1522, -3836, -810, 1198, 206, 251, 179, 16, -21, 189, 351, -229, -168, -251, -462, 68, 317, 534, 229, -427, -257, -15, 7, 168, 207, -101, -272, -69, 161, 131, -103, -63, 36, 83, 161, -19, -211, -154, 168, 162, -193, -156, 107, 141, -106, -15, 187, 102, -13, -225, -120, 63, 12, 49, 28, -4, 55, 7, -104, -106, 15, 146, 64, -21, 10, -80, -77, 22, 45, 27, -25, -2, 17, 26, 95, -34, -91, -33, 62, -144, -383, 219, 521, 136, -219, -336, -60, 129, -44, 146]"
"[14, 18, 6, -15, -19, -6, 43, 70, -16, -232, -314, 353, 655, 59, -302, -526, -80, 333, 27, -205, -338, 443, 1675, -253, -1896, -1313, -823, -1662, -4213, 10382, 15859, -8201, -15424, -2329, 7157, 5431, -1742, -3880, -690, 1446, 240, 116, 182, 45, -36, 162, 352, -218, -163, -242, -456, 26, 280, 584, 274, -446, -278, -18, 21, 175, 184, -134, -278, -16, 193, 119, -110, -79, 41, 68, 99, -2, -127, -110, 134, 79, -201, -97, 129, 120, -115, -30, 159, 109, 1, -190, -94, 51, 17, 20, -23, -2, 112, 55, -135, -209, -45, 280, 192, -34, 7, -180, -192, 40, 87, 101, 9, -25, 24, -4, 60, -53, -109, -1, 79, -124, -355, 202, 491, 116, -215, -312, -56, 138, -14, 126]"
"[-5, 30, 24, -12, -25, -23, 35, 78, -40, -220, -226, 406, 650, -100, -425, -448, -25, 372, 68, -193, -435, 234, 1537, 463, -906, -2032, -1806, -2069, -4759, 11072, 17011, -7686, -15689, -3262, 6974, 5755, -1718, -3921, -656, 1512, 221, 46, 197, 99, -56, 112, 344, -133, -83, -292, -522, -42, 233, 700, 400, -503, -405, -55, 59, 273, 224, -179, -294, -28, 177, 125, -95, -88, 14, 89, 139, 11, -111, -147, 76, 84, -153, -69, 115, 93, -107, -48, 103, 142, 85, -172, -146, -9, 31, 92, 9, -64, 38, 75, -63, -164, -49, 198, 143, -22, -5, -140, -142, 55, 69, 68, 21, -5, 15, -22, 48, -32, -86, -6, 65, -114, -311, 189, 452, 82, -228, -283, -44, 163, 0, 97]"
"[-36, 2, 19, 25, -2, -20, 31, 38, -92, -166, -122, 424, 608, -206, -475, -363, 28, 359, 78, -202, -514, 76, 1337, 991, -85, -2426, -2339, -2416, -5449, 11063, 17673, -6424, -15401, -4481, 6586, 6203, -1561, -4069, -716, 1527, 175, 41, 248, 170, -72, 0, 283, -18, 37, -305, -574, -121, 195, 737, 424, -451, -357, -111, -1, 261, 226, -124, -241, -50, 156, 100, -110, -90, -4, 104, 148, 34, -95, -157, 88, 80, -177, -96, 120, 133, -99, -83, 77, 159, 95, -163, -134, -2, 22, 69, 14, -56, 20, 90, -12, -197, -147, 205, 204, 36, 8, -178, -144, 42, 54, 66, -9, -9, 61, 57, 72, -142, -151, 35, 104, -95, -323, 148, 437, 138, -188, -319, -49, 164, -25, 52]"
"[-13, -8, -5, 18, 2, -7, 45, 54, -63, -227, -246, 416, 669, -56, -381, -482, -60, 348, 85, -155, -472, -67, 989, 1349, 795, -2487, -2737, -3103, -6394, 11157, 18618, -5002, -15445, -6245, 6130, 7555, -824, -4738, -1203, 1487, 246, 175, 262, 182, -42, -75, 195, 41, 142, -283, -618, -215, 154, 793, 445, -428, -341, -119, 6, 253, 222, -122, -236, -68, 140, 95, -136, -70, 46, 126, 133, -16, -120, -150, 81, 158, -77, -188, -23, 154, 8, -35, 36, 100, 107, -123, -128, -41, -12, 104, 77, -54, -35, 49, 29, -135, -160, 143, 211, 59, -19, -193, -131, 67, 56, 51, -17, -1, 68, 58, 65, -147, -145, 43, 107, -77, -283, 98, 352, 152, -107, -290, -103, 102, -35, 106]"
"[12, 0, -7, -2, 0, 11, 49, 25, -74, -198, -231, 401, 669, -46, -383, -504, -70, 361, 95, -143, -454, -228, 573, 1781, 1879, -2541, -3368, -3878, -6980, 11368, 19152, -3874, -15243, -7707, 5434, 8704, 65, -5101, -1592, 1222, 196, 311, 283, 250, 16, -155, 90, 76, 262, -225, -677, -362, 105, 923, 531, -462, -399, -152, 21, 306, 243, -151, -261, -79, 164, 119, -158, -123, 27, 183, 156, -42, -139, -110, 136, 144, -111, -219, -12, 174, 10, -65, -19, 109, 155, -72, -123, -98, -32, 114, 63, -31, 17, 30, -13, -150, -165, 135, 181, 128, 92, -212, -204, -19, 35, 126, 13, -24, 69, 74, 41, -174, -118, 96, 104, -119, -274, 112, 349, 133, -141, -280, -69, 122, -33, 81]"
"[-9, 7, -2, 11, 5, 0, 46, 44, -55, -227, -290, 411, 717, 3, -367, -553, -97, 368, 108, -125, -425, -321, 345, 1961, 2375, -2583, -3759, -4008, -6700, 11119, 18371, -3412, -14336, -7632, 5083, 8408, 130, -4978, -1553, 1181, 161, 200, 174, 368, 122, -167, 33, 64, 321, -173, -668, -466, 25, 978, 585, -461, -420, -159, 11, 319, 282, -114, -254, -160, 114, 169, -119, -147, -22, 201, 217, -35, -192, -158, 138, 207, -68, -237, -43, 137, -4, -25, -4, 92, 139, -40, -79, -100, -47, 75, 64, -8, -7, 2, -13, -94, -124, 98, 139, 131, 115, -213, -224, -28, 29, 146, 27, -10, 77, 65, 61, -185, -165, 76, 124, -81, -275, 100, 359, 132, -144, -300, -82, 159, 4, 43]"
"[-7, 2, 2, 3, -14, -1, 66, 52, -85, -227, -229, 428, 670, -78, -400, -464, -38, 348, 95, -132, -448, -351, 370, 2063, 2420, -2876, -4283, -3518, -5496, 10994, 17063, -4057, -13592, -6508, 5098, 7446, -201, -4611, -1389, 1210, 198, 97, 50, 404, 215, -148, -46, 37, 386, -89, -653, -578, -54, 1037, 659, -445, -440, -211, -15, 337, 290, -96, -246, -168, 119, 191, -55, -192, -123, 173, 241, 25, -183, -156, 153, 182, -97, -214, 5, 116, -64, -6, 68, 83, 77, -70, -66, -51, -39, 34, 49, 42, 43, -49, -92, -78, -45, 135, 122, 53, 69, -197, -215, 28, 42, 104, 30, 40, 108, 3, 1, -168, -129, 108, 118, -136, -302, 155, 390, 117, -132, -281, -85, 93, -44, 101]"
"[-19, 29, 7, -9, 0, 21, 59, 22, -67, -214, -275, 398, 697, -5, -379, -526, -59, 352, 63, -120, -403, -329, 423, 2063, 2353, -3170, -4754, -2985, -4377, 11085, 16131, -5150, -13387, -4944, 5656, 6116, -986, -4153, -1083, 1330, 230, -3, -7, 417, 245, -130, -49, 11, 342, -70, -590, -521, -37, 955, 609, -426, -408, -199, -61, 309, 331, -21, -238, -244, 80, 234, -14, -200, -164, 176, 308, 28, -229, -211, 112, 210, -82, -156, 73, 102, -100, -75, 47, 133, 80, -72, -23, -38, -83, -14, 58, 102, 50, -91, -107, -46, -25, 144, 143, 23, 39, -170, -177, -18, 1, 118, 38, 47, 106, -14, -18, -142, -78, 121, 87, -218, -351, 253, 479, 78, -208, -301, -49, 154, -12, 46]"
"[1, -9, 0, 9, -7, -9, 38, 69, 11, -246, -388, 333, 710, 158, -252, -635, -196, 333, 133, -40, -379, -493, 55, 2333, 3148, -3218, -5746, -3335, -3410, 12128, 15927, -6844, -13972, -3485, 6416, 5165, -1683, -3788, -817, 1410, 260, -25, -24, 376, 277, -81, -46, -96, 200, -17, -423, -373, -36, 719, 491, -306, -312, -206, -108, 284, 344, -23, -268, -200, 131, 198, -42, -180, -137, 155, 274, 16, -202, -175, 91, 156, -102, -88, 123, 84, -109, -73, 73, 87, 5, -54, 15, -2, -60, -26, 46, 75, 46, -90, -131, -45, -23, 136, 132, 95, 93, -225, -193, 31, 50, 35, -74, 92, 227, 11, -76, -234, -132, 180, 163, -179, -377, 185, 479, 134, -200, -329, -52, 173, 14, 13]"
"[15, 21, -7, -27, -14, 27, 58, 44, -17, -236, -368, 343, 711, 142, -283, -630, -158, 368, 134, -77, -294, -650, -693, 2585, 4548, -2730, -6903, -4623, -2687, 13870, 16040, -8895, -14763, -2044, 7113, 4317, -2412, -3437, -431, 1666, 329, -205, -70, 342, 249, -62, -11, -80, 103, -74, -317, -188, 19, 509, 352, -255, -214, -147, -146, 199, 327, -2, -279, -152, 163, 172, -34, -156, -140, 111, 290, 38, -245, -223, 89, 206, -87, -87, 127, 71, -94, -51, 71, 9, -58, 27, 85, -32, -90, -26, 38, 60, 55, -27, -87, -123, -84, 165, 123, 70, 95, -141, -136, -23, 14, 18, -78, 112, 248, 3, -122, -269, -134, 273, 215, -238, -422, 196, 519, 136, -246, -364, -35, 238, 20, -30]"
"[16, 17, -13, -29, -10, 39, 77, 24, -55, -242, -341, 381, 718, 82, -334, -582, -100, 362, 94, -96, -171, -717, -1376, 2559, 5547, -1853, -7425, -5935, -2126, 15198, 15706, -10812, -15261, -307, 7872, 3257, -3298, -3014, 136, 1941, 299, -482, -109, 388, 264, -92, -38, -59, 79, -106, -290, -63, 81, 360, 221, -163, -54, -175, -288, 157, 407, 65, -328, -186, 222, 213, -68, -228, -173, 169, 354, 68, -247, -297, 58, 222, -105, -66, 162, 87, -104, -55, 136, -21, -190, -20, 134, 105, -6, -90, -32, -4, 31, 52, -24, -124, -95, 105, 74, 93, 120, -116, -146, -16, 71, 19, -112, 59, 250, 27, -174, -276, -40, 330, 134, -356, -424, 337, 596, 82, -302, -415, -42, 330, 93, -92]"
"[8, -33, -43, -2, 3, 49, 68, 18, -22, -214, -360, 297, 666, 179, -249, -614, -161, 346, 118, -48, -18, -828, -2005, 2389, 6213, -916, -7797, -6936, -1130, 16309, 14855, -12963, -15572, 1717, 8571, 2111, -4120, -2548, 691, 2163, 283, -731, -189, 368, 258, -18, 12, -90, -8, -139, -198, 64, 90, 178, 109, -89, 0, -98, -210, 83, 292, 39, -273, -114, 220, 164, -83, -208, -152, 165, 339, 67, -235, -314, 52, 240, -115, -105, 168, 132, -145, -111, 160, 96, -119, -96, 83, 39, -79, -1, 50, -2, 23, 16, -70, -124, -75, 142, 88, 96, 151, -140, -182, -26, 73, 9, -132, 124, 332, -37, -272, -296, -15, 398, 141, -399, -408, 390, 602, -11, -374, -330, 55, 329, 66, -144]"
"[-7, 17, 33, -14, -47, -21, 47, 93, 20, -249, -393, 297, 669, 204, -226, -626, -168, 339, 101, -40, 148, -855, -2581, 2043, 6581, 264, -7552, -7922, -631, 16794, 13757, -14307, -15258, 3468, 8880, 932, -4672, -2030, 1088, 2238, 245, -877, -207, 375, 255, -25, -17, -82, -14, -109, -98, 118, 93, -11, -63, 1, 147, -18, -263, -23, 303, 105, -268, -145, 206, 193, -28, -226, -218, 123, 363, 158, -208, -402, -7, 309, -26, -135, 64, 96, -64, -14, 141, -15, -148, -38, 95, 54, -29, -17, 4, -50, 7, 53, -59, -80, -1, 95, 31, 50, 86, -117, -124, 64, 94, -75, -135, 152, 304, -77, -294, -273, 28, 488, 186, -552, -501, 468, 656, -25, -416, -352, 77, 414, 120, -218]"
"[-48, 9, 22, 21, -10, -2, 37, 53, 23, -208, -376, 241, 607, 236, -167, -609, -186, 328, 129, -45, 217, -868, -2880, 1782, 6632, 1076, -6929, -8457, -832, 16352, 12781, -14006, -14204, 4069, 8525, 47, -4915, -1390, 1513, 2068, 61, -948, -195, 387, 266, 4, -9, -137, -122, -92, 6, 273, 197, -178, -223, -63, 129, 130, -177, -63, 271, 88, -272, -129, 239, 184, -97, -255, -152, 207, 330, 51, -217, -327, -10, 310, 52, -156, -11, 60, -57, -10, 70, 41, -17, 7, 88, -91, -170, 50, 134, 10, -32, 7, 0, -107, -92, 83, 36, 74, 102, -65, -86, 7, 35, -60, -64, 181, 275, -167, -346, -205, 83, 503, 183, -575, -473, 473, 601, -79, -433, -241, 191, 364, 23, -275]"
"[1, 42, 30, -21, -38, -9, 40, 74, 24, -219, -370, 254, 610, 207, -187, -578, -156, 283, 51, -9, 331, -830, -3004, 1609, 6638, 1503, -6520, -8978, -1484, 16358, 12790, -13436, -13260, 3821, 7562, -637, -4856, -459, 1939, 1746, -144, -975, -103, 365, 151, -13, 61, -54, -157, -189, 20, 364, 196, -241, -205, -72, 34, 178, -41, -60, 170, 60, -180, -107, 156, 156, -2, -216, -209, 109, 279, 128, -143, -299, -6, 248, 5, -128, 58, 62, -97, -56, 40, 47, -25, 74, 158, -90, -172, -23, 121, 41, -93, -79, -29, 104, 92, -43, -106, 51, 159, -38, -138, -6, 78, -19, -79, 123, 241, -111, -302, -205, 79, 497, 199, -608, -510, 487, 605, -95, -430, -203, 187, 336, 46, -233]"
"[5, 49, 25, -35, -33, 5, 41, 69, 30, -234, -408, 275, 662, 228, -204, -617, -165, 309, 60, -13, 352, -830, -3048, 1566, 6629, 1706, -5997, -9213, -2322, 15649, 12452, -11999, -11864, 3416, 6750, -1345, -4952, 195, 2288, 1579, -316, -1047, -89, 414, 182, -24, 10, -85, -153, -80, 133, 301, 146, -285, -247, -124, -48, 270, 49, 12, 215, -10, -191, -140, 74, 152, 39, -141, -180, 56, 218, 139, -80, -281, -73, 234, 66, -101, 51, 51, -93, -100, 8, 91, 10, 34, 89, -51, -102, -19, 65, 36, -9, -40, -69, -21, 24, 73, 0, 28, 110, -70, -125, -8, 26, -25, -56, 182, 288, -133, -310, -272, -14, 568, 330, -609, -596, 450, 641, -69, -440, -220, 183, 331, 32, -223]"
"[-31, -2, 22, 25, -17, -21, 30, 83, 50, -242, -434, 256, 664, 272, -179, -652, -197, 322, 98, -18, 222, -858, -2780, 1901, 6660, 1014, -6244, -8789, -2441, 15219, 12307, -11127, -11098, 2876, 6062, -1524, -4842, 665, 2583, 1364, -503, -1113, -81, 447, 183, 3, 63, -120, -299, -84, 308, 410, 76, -422, -228, -100, -106, 295, 85, -7, 180, 43, -103, -157, 22, 77, 1, -81, -122, 73, 202, 69, -122, -211, -5, 222, 34, -170, -43, 154, 99, -101, -128, -46, 8, 188, 170, -133, -173, -25, 80, 77, 12, -78, -82, 9, 20, 16, -37, 113, 189, -86, -140, -74, -37, 28, -12, 170, 309, -81, -329, -409, -58, 721, 421, -700, -681, 463, 693, -31, -452, -303, 108, 431, 158, -231]"
"[19, 16, -9, -19, -11, 13, 37, 58, 28, -226, -383, 278, 652, 190, -237, -594, -141, 332, 80, -41, 247, -834, -2830, 1822, 6628, 1254, -5693, -9100, -3640, 14757, 12959, -9544, -10562, 1528, 5361, -1219, -4657, 837, 2705, 1257, -619, -1107, 6, 447, 86, -43, 101, -34, -272, -123, 274, 358, 37, -309, -77, -176, -297, 232, 169, 148, 222, -53, -149, -162, 29, 116, 23, -137, -201, 131, 327, 59, -229, -295, -27, 356, 159, -193, -100, 74, 57, -30, -26, -57, -88, 120, 166, -33, -78, -59, -24, 51, 124, -35, -194, -71, 70, 124, 4, 50, 133, -129, -162, 1, 22, 5, -58, 145, 314, -10, -241, -468, -179, 673, 436, -585, -591, 416, 607, -93, -443, -177, 197, 303, 15, -190]"
"[-16, 27, 22, -13, -20, 11, 42, 56, 28, -221, -380, 273, 648, 179, -247, -579, -123, 318, 41, -29, 356, -793, -2920, 1616, 6472, 1604, -4903, -9343, -4968, 14105, 13673, -8128, -10707, 652, 5812, -683, -4913, 93, 2520, 1726, -418, -1236, -122, 482, 195, -33, 24, -90, -282, -49, 363, 340, -60, -378, -57, -45, -211, 127, 46, 151, 294, 0, -191, -203, 57, 139, 1, -120, -155, 66, 227, 121, -107, -265, -41, 228, 52, -130, -32, 134, 103, -106, -91, -47, -77, 104, 158, -8, -106, -46, 33, 69, 123, -55, -186, -114, 20, 165, 42, 4, 69, -55, -56, -8, -5, -62, -134, 153, 349, 106, -135, -561, -295, 632, 488, -516, -653, 338, 650, 24, -422, -282, 136, 361, 81, -207]"
"[-24, -5, 0, 31, 10, -12, 30, 59, 18, -227, -381, 283, 668, 204, -236, -632, -165, 361, 99, -45, 236, -777, -2559, 1791, 6080, 945, -4500, -8679, -6220, 13257, 15108, -6363, -11520, -1048, 6519, 693, -5020, -1297, 1952, 2420, 8, -1291, -292, 422, 289, 8, -48, -139, -231, -47, 281, 374, 4, -381, -41, -18, -203, 57, 8, 148, 259, 48, -136, -181, 77, 85, -67, -115, -111, 155, 319, 6, -271, -292, -32, 351, 166, -120, -42, -31, -88, 33, 162, -7, -196, -27, 160, 47, -107, -23, 56, 38, 87, -37, -170, -113, 24, 198, 80, -46, 28, -47, -74, -13, 48, -26, -202, 58, 340, 268, 16, -685, -513, 596, 606, -325, -609, 168, 573, 83, -374, -304, 77, 361, 125, -175]"
"[-2, 17, 3, -5, 5, 6, 32, 42, 23, -221, -412, 253, 644, 270, -171, -628, -169, 315, 76, -44, 164, -705, -2081, 1852, 5343, 183, -3927, -7529, -7192, 12085, 16489, -4820, -12953, -2740, 7668, 2765, -4807, -3293, 952, 3122, 537, -1169, -423, 311, 353, 53, -103, -159, -122, -36, 140, 264, -5, -221, 79, -9, -209, -71, -65, 186, 256, 67, -94, -160, 42, 55, -22, -61, -117, 54, 266, 49, -285, -271, 17, 400, 225, -198, -170, -42, 7, 128, 170, -94, -252, -48, 183, 150, -82, -149, -27, 123, 175, -21, -190, -173, 20, 227, 76, -70, 13, -47, -100, 22, 121, 4, -220, -55, 231, 367, 184, -626, -566, 392, 518, -159, -532, 82, 506, 193, -217, -386, -83, 302, 149, -57]"
"[-19, 18, 25, 3, -13, -5, 31, 62, 77, -225, -471, 167, 593, 397, -40, -667, -239, 273, 81, -33, 8, -589, -1256, 1924, 4099, -998, -3431, -5549, -7098, 10653, 16816, -4093, -13924, -3506, 8440, 4169, -4448, -4636, 125, 3493, 975, -1037, -591, 174, 397, 193, -38, -241, -136, -100, -45, 327, 209, -100, 11, -187, -224, 68, 15, 82, 144, 85, -52, -123, 69, 52, -46, -103, -129, 114, 324, 21, -325, -322, -29, 441, 249, -140, -101, -80, -48, 80, 158, -29, -192, -92, 103, 133, -64, -56, 84, 48, 21, -66, -111, -78, -12, 170, 82, -43, 17, -17, -55, -22, 83, -7, -230, -50, 233, 389, 196, -623, -559, 363, 502, -104, -470, 4, 400, 237, -124, -363, -115, 239, 127, -13]"
"[1, 46, 27, -20, -24, -4, 35, 65, 55, -230, -450, 224, 643, 321, -127, -651, -194, 291, 69, -62, -158, -440, -418, 1762, 2571, -1679, -2774, -3889, -6254, 9998, 16419, -5165, -14771, -2608, 9164, 4326, -4381, -4992, -210, 3483, 1142, -863, -637, 63, 418, 252, -79, -272, -50, -35, -80, 180, 112, 7, 124, -148, -241, -43, -47, 159, 227, 75, -96, -180, 21, 113, 50, -103, -213, 32, 297, 184, -136, -380, -123, 293, 127, -63, -5, 22, -28, -54, 57, 87, -22, -154, -73, 97, 46, 58, 70, -75, -29, -1, -51, -73, -55, 114, 96, 42, 36, -120, -116, 66, 146, -37, -248, -34, 244, 346, 163, -579, -509, 341, 462, -118, -487, 22, 445, 265, -139, -422, -119, 276, 111, -29]"
"[11, 11, 0, -19, -9, 12, 37, 53, 25, -231, -404, 281, 667, 224, -210, -641, -184, 358, 126, -108, -288, -269, 194, 1347, 1274, -1589, -1970, -3184, -5414, 9901, 15313, -6866, -14753, -481, 9716, 2942, -5041, -4368, 279, 3478, 997, -1056, -666, 177, 477, 229, -104, -291, -76, -52, -99, 280, 244, -67, -27, -177, -146, 45, -56, 77, 200, 80, -113, -149, 68, 105, 2, -115, -159, 49, 222, 144, -79, -276, -82, 180, 58, -48, -34, 32, 26, 53, 117, -52, -137, -115, 21, 145, -14, -53, 68, 24, -23, -44, -59, -49, -21, 127, 82, -6, 35, -60, -75, -1, 70, -32, -194, 42, 268, 196, 19, -468, -371, 391, 469, -214, -540, 34, 444, 273, -161, -391, -43, 281, 55, -91]"
"[-5, -18, -14, 13, 18, 4, 15, 36, 24, -199, -387, 272, 668, 213, -225, -632, -162, 354, 88, -141, -310, -44, 584, 856, 469, -1258, -1860, -3170, -4077, 10936, 14030, -9516, -14209, 2243, 9584, 519, -5899, -2595, 1441, 3101, 438, -1350, -550, 460, 549, 97, -154, -289, -101, -22, -31, 272, 216, -94, -50, -181, -149, 75, -32, 81, 180, 64, -94, -132, 70, 116, 2, -175, -197, 153, 336, 68, -195, -303, -54, 226, 36, -35, 48, 13, -76, -5, 135, 37, -109, -122, 50, 137, -3, -116, -25, 42, 18, 9, -39, -53, -4, 83, 9, 11, 99, -16, -67, -69, -9, -9, -115, 101, 259, 95, -66, -409, -256, 440, 412, -361, -577, 192, 553, 170, -281, -374, 42, 320, 8, -136]"
"[26, 23, -3, -38, -29, 24, 56, 53, 8, -224, -391, 278, 654, 233, -197, -626, -160, 331, 44, -147, -265, 145, 786, 455, 217, -1067, -2806, -3312, -1683, 12711, 12356, -12857, -13357, 4720, 8280, -1569, -5671, -158, 2500, 1848, -434, -1217, -84, 624, 344, -140, -116, -113, -100, -33, 110, 184, -9, -152, 32, -24, -147, -23, -36, 164, 217, 6, -124, -127, 87, 118, -44, -190, -124, 204, 288, -57, -255, -184, 51, 224, -6, -92, 68, 48, -115, -41, 138, 120, 10, -184, -108, 49, 10, 44, 58, -12, -39, -20, -9, -3, -6, -1, -23, 93, 128, -79, -88, -15, -7, -42, -59, 143, 214, -47, -175, -253, -70, 452, 308, -492, -533, 348, 571, -18, -423, -233, 217, 323, -92, -215]"
"[15, 4, 8, -15, -34, -2, 46, 97, 58, -254, -437, 260, 661, 254, -194, -628, -166, 339, 43, -166, -261, 316, 1111, 89, -257, -1311, -4158, -2508, 1902, 14095, 10279, -16731, -13525, 6875, 7384, -1906, -4447, 1170, 2665, 394, -980, -571, 312, 296, -37, 4, 198, -64, -212, -150, 95, 135, -83, -1, 155, -125, -262, 38, 53, 167, 211, -3, -120, -159, 82, 106, -114, -153, -13, 213, 207, -90, -205, -158, 40, 199, -54, -93, 101, 122, -21, -113, -28, 46, 54, -22, -70, 9, 91, 11, -74, -94, -30, 134, 79, -73, -86, 5, 42, 97, 73, -99, -63, 9, -24, -31, 28, 135, 106, -157, -221, -76, 111, 411, 172, -605, -490, 486, 580, -148, -499, -131, 319, 302, -147, -234]"
"[-24, -8, 2, 27, 7, -9, 28, 57, 33, -227, -423, 262, 657, 267, -158, -648, -218, 331, 42, -112, -16, 448, 1087, -843, -1419, -614, -4039, -1054, 5732, 13374, 6324, -20007, -13232, 10174, 7606, -2372, -3487, 1457, 2160, -514, -969, -18, 227, 26, 102, 305, 218, -431, -388, 35, 125, 175, 119, 10, -65, -306, -207, 272, 154, 74, 162, -82, -177, -96, 142, 86, -178, -142, 58, 205, 97, -93, -75, -76, -33, 31, -78, 112, 260, -33, -233, -167, 27, 267, 148, -180, -117, 86, 88, -120, -154, 35, 70, 130, 70, -121, -90, 16, 38, 83, 52, -96, -26, 49, -46, -106, 39, 190, 20, -219, -142, 106, 204, 210, -22, -557, -340, 564, 502, -257, -494, -18, 367, 237, -159, -188]"
"[8, -27, -25, 8, 3, 9, 41, 69, 37, -239, -413, 264, 649, 242, -186, -636, -196, 358, 50, -94, 331, 389, 189, -1791, -1771, 1362, -3126, -608, 9118, 11579, 781, -22533, -11873, 14766, 8837, -3890, -3672, 1149, 1757, -535, -822, 129, 149, 104, 340, 152, -99, -446, -224, 198, 136, 78, 66, -34, -63, -171, -139, 170, 137, 78, 72, -85, -69, -35, 78, -4, -157, -34, 97, 66, -44, 43, 140, -116, -215, -51, 14, 245, 223, -158, -218, -1, 105, 75, 27, -59, -48, -30, -16, 9, -41, 17, 46, 100, 95, -91, -92, -81, -76, 128, 148, 18, 6, -137, -200, 43, 259, 116, -238, -236, 68, 257, 167, 17, -111, -455, -229, 548, 387, -304, -413, 106, 387, 90, -233, -129]"
"[-5, 16, 9, -9, -7, 3, 22, 49, 22, -205, -377, 279, 656, 201, -213, -623, -180, 347, 45, -60, 558, 165, -962, -1990, -821, 3020, -2663, -1560, 10185, 10589, -2488, -23267, -10529, 17861, 10104, -5748, -4705, 1057, 1817, -272, -810, 153, 291, 210, 288, -140, -231, -177, -17, 60, -74, 106, 199, 43, -69, -266, -215, 235, 269, 62, -16, -149, -84, -12, 57, 45, -90, -35, 56, 18, -50, 111, 221, -164, -359, -76, 129, 351, 192, -223, -127, -64, -117, 80, 167, 60, -49, -77, -4, -19, -31, 24, -14, 72, 164, -54, -165, -163, -95, 275, 283, -90, -168, -118, -58, 127, 235, -21, -308, -131, 174, 221, 96, -20, -109, -405, -191, 533, 350, -334, -402, 172, 411, 49, -226, -120]"
"[-11, -2, 12, 2, -20, -9, 45, 73, 11, -244, -386, 321, 689, 169, -262, -610, -133, 363, 57, -85, 608, -164, -2092, -1418, 1160, 3817, -3167, -3140, 9903, 10361, -3839, -22310, -8710, 18539, 9802, -7096, -5159, 1468, 1914, -182, -805, 202, 508, 121, -77, -244, 4, 134, -48, -259, -193, 367, 427, -58, -239, -326, -108, 335, 207, -95, -57, -10, -21, -51, 45, 47, -83, -50, 20, 25, 2, 131, 175, -237, -388, 45, 254, 306, 117, -317, -203, 48, 6, 53, 102, 82, 14, -171, -114, 68, 53, 21, 2, 52, 118, -104, -219, -79, 25, 269, 212, -105, -90, -152, -155, 128, 254, -15, -312, -67, 225, 152, 28, 8, -47, -368, -170, 444, 244, -293, -287, 200, 314, -17, -165, -51]"
"[-7, -16, -13, 2, -17, 12, 54, 66, 12, -236, -385, 304, 692, 172, -280, -628, -143, 382, 110, -102, 422, -518, -2759, -143, 3707, 3254, -5362, -5113, 9223, 12961, -1757, -22836, -9415, 17872, 9659, -7270, -5507, 1818, 2198, -74, -854, 148, 578, 20, -253, -78, 268, 71, -294, -356, -63, 628, 532, -321, -426, -252, -10, 363, 153, -121, -23, 12, -48, -70, 48, 75, -71, -45, 64, 30, -31, 62, 161, -168, -343, -7, 174, 296, 129, -231, -117, 10, -64, 22, 133, 79, -56, -111, -4, 38, 0, -24, -70, 69, 198, -14, -217, -175, 22, 306, 176, -156, -86, -71, -134, 89, 270, 13, -308, -152, 116, 221, 174, 47, -137, -487, -175, 561, 298, -328, -319, 163, 314, 48, -122, -115]"
"[18, 55, 22, -54, -53, 19, 68, 71, 0, -240, -373, 299, 660, 176, -247, -602, -145, 357, 146, -144, -97, -788, -2408, 1849, 5898, 485, -9033, -5222, 10130, 15745, 509, -24258, -11152, 16792, 9526, -6335, -5313, 1844, 2307, -33, -816, 59, 457, -30, -178, 107, 344, -106, -418, -303, 60, 658, 437, -448, -422, -99, 59, 255, 45, -82, 64, 36, -99, -86, 97, 77, -125, -46, 153, 50, -108, -36, 143, -78, -310, 4, 183, 238, 96, -145, -29, -62, -146, -27, 97, 208, 76, -211, -154, 73, 117, 20, -106, -25, 132, 60, -121, -140, 13, 221, 155, -138, -118, -71, -96, 102, 250, 48, -243, -230, 41, 251, 163, 26, -99, -373, -106, 425, 168, -326, -289, 265, 386, -17, -191, -134]"
"[-34, 29, 40, 7, -24, -37, 21, 92, 8, -243, -358, 357, 707, 81, -327, -567, -113, 349, 124, -176, -640, -671, -809, 3118, 5501, -3056, -11137, -2485, 11808, 15587, 762, -24392, -11574, 15954, 9204, -5628, -5025, 1743, 2303, -14, -854, 7, 466, 35, -95, 94, 281, -219, -485, -171, 216, 624, 298, -510, -329, -7, 5, 139, 26, 39, 138, -23, -145, -77, 106, 72, -117, -24, 172, 28, -122, -96, 31, 13, -141, 28, 112, 156, 101, -146, -91, -3, -36, -41, 3, 174, 146, -158, -175, 19, 109, -4, -167, 70, 286, 14, -247, -207, 28, 287, 159, -122, -80, -94, -129, 87, 254, 62, -249, -254, 14, 299, 211, 15, -120, -384, -86, 426, 140, -336, -268, 279, 377, -23, -198, -141]"
"[-2, -7, -8, -4, -11, 17, 55, 41, -51, -211, -289, 383, 696, 4, -398, -535, -65, 410, 142, -271, -982, -414, 534, 3332, 4122, -4930, -11532, -166, 13100, 14890, 345, -24750, -11780, 15963, 9203, -5340, -4890, 1587, 2201, 45, -794, 44, 509, 3, -95, 75, 249, -271, -542, -87, 352, 616, 179, -600, -303, 104, 44, 102, 8, 21, 139, -14, -149, -86, 79, 70, -90, 20, 166, 2, -75, -91, -27, -31, -124, 72, 113, 132, 79, -114, -46, -25, -58, -1, 59, 92, 28, -154, -125, 139, 167, -113, -240, 87, 291, 60, -168, -223, -39, 234, 164, -85, -86, -72, -99, 34, 199, 135, -166, -296, -46, 287, 220, 44, -79, -374, -107, 342, 72, -261, -177, 295, 341, -99, -238, -82]"
"[-33, -21, -12, 33, 15, 5, 47, 21, -96, -193, -210, 421, 667, -105, -457, -458, -12, 398, 91, -297, -1167, 43, 2152, 2747, 1354, -6202, -10301, 3062, 14252, 12198, -1394, -23888, -10994, 16072, 9219, -5238, -4918, 1191, 2013, 336, -580, 25, 457, -85, -89, 82, 169, -301, -520, 30, 455, 550, 72, -668, -292, 227, 97, 36, 2, 5, 66, -11, -73, -50, 23, 7, -70, 111, 164, -92, -69, 14, -8, -147, -174, 167, 176, 66, 40, -69, -52, -107, -87, 153, 197, -53, -170, -105, 66, 174, 15, -227, -187, 273, 397, -111, -357, -213, 35, 350, 215, -149, -133, -81, -64, 88, 227, 8, -313, -192, 128, 286, 116, 0, -17, -349, -171, 324, 126, -223, -171, 250, 269, -113, -185, -3]"
"[9, 16, -7, -9, -3, 15, 56, 35, -72, -217, -267, 407, 680, -19, -388, -521, -76, 403, 55, -333, -1093, 743, 3517, 966, -2333, -5639, -7174, 5443, 13896, 9120, -2373, -22187, -10490, 15320, 9188, -4398, -4611, 397, 1600, 607, -381, -4, 343, -44, 26, 37, 54, -269, -433, 24, 416, 569, 153, -710, -449, 164, 159, 275, 170, -231, -186, 44, 78, 11, -17, -46, -60, 120, 155, -127, -157, 73, 145, -85, -253, -7, 153, 274, 168, -231, -165, -77, -91, 123, 167, 56, -69, -121, 74, 89, -107, -200, -68, 323, 312, -191, -326, -117, 80, 285, 154, -179, -164, 12, 57, 49, 111, -66, -300, -46, 220, 195, 45, -50, -84, -291, -107, 396, 195, -284, -216, 195, 194, -80, -136, 49]"
"[-14, 27, 33, -2, -30, -13, 57, 58, -86, -215, -211, 438, 666, -112, -448, -459, -23, 395, -34, -327, -747, 1119, 3603, -533, -4170, -4136, -4612, 6353, 13334, 5880, -4262, -19328, -8507, 14167, 8212, -3733, -3791, -127, 998, 583, -237, 97, 331, 6, 10, -73, 26, -105, -307, -106, 266, 622, 315, -712, -604, 41, 154, 497, 327, -356, -311, 15, 76, 66, 37, -26, -91, 58, 160, -74, -161, 51, 189, -86, -346, -33, 246, 366, 123, -336, -153, 2, -54, 55, 64, 83, 52, -97, -44, 14, -66, -59, 8, 206, 224, -159, -285, -127, 47, 292, 173, -157, -149, -14, 51, 40, 57, -53, -207, 28, 247, 36, -128, -21, -24, -162, -33, 379, 211, -365, -281, 180, 151, -17, -36, 87]"
"[-37, -14, 9, 34, 0, -15, 41, 40, -96, -173, -146, 432, 627, -189, -498, -391, 38, 391, -134, -304, -167, 1388, 2941, -2217, -5404, -1765, -1826, 6874, 13052, 1628, -7774, -15696, -5216, 13462, 6977, -3572, -2954, -545, 338, 507, -109, 287, 432, 6, -137, -147, 186, 39, -344, -335, 114, 793, 507, -671, -630, -122, 69, 586, 374, -348, -258, -10, -31, 28, 106, 81, -70, -71, 45, 13, 6, 87, 73, -268, -418, 205, 500, 286, -46, -494, -220, 168, 118, 56, -55, -49, 80, 11, -118, -7, 82, 38, -17, 28, 137, -101, -271, -84, 82, 283, 169, -140, -96, -62, -33, 12, 45, 21, -124, 50, 261, -82, -275, 15, 66, -56, 16, 295, 137, -360, -205, 182, 71, -48, -22, 141]"
"[-14, -10, -8, 18, 5, -5, 41, 25, -114, -163, -124, 449, 646, -196, -500, -421, 7, 412, -141, -173, 643, 1174, 1052, -3532, -5262, 1541, 1544, 5999, 10638, -3253, -10365, -9673, -1332, 11313, 5519, -3321, -2524, -1004, -29, 713, 78, 302, 350, -170, -263, 132, 456, -109, -555, -381, 145, 915, 580, -710, -646, -142, 59, 524, 273, -279, -144, 18, -91, -10, 169, 104, -101, -139, -40, 66, 139, 153, 11, -414, -417, 380, 608, 99, -230, -458, -192, 248, 189, 70, -45, -97, 28, -17, -105, 66, 117, -8, -45, 18, 99, -86, -211, -18, 100, 193, 121, -132, -99, -41, -35, 25, 82, 40, -113, -11, 178, -91, -266, 143, 213, -111, -65, 158, 36, -251, -109, 196, 45, -76, -12, 161]"
"[13, 17, 8, -20, -44, 6, 96, 68, -110, -241, -170, 493, 682, -213, -534, -412, 33, 404, -141, -63, 1150, 644, -950, -3630, -3806, 4003, 4042, 4275, 7273, -6976, -11435, -3732, 1922, 8751, 4046, -3160, -2271, -1110, -133, 849, 207, 241, 146, -284, -165, 451, 570, -420, -752, -251, 316, 919, 482, -829, -683, -27, 92, 522, 320, -254, -129, -56, -146, 14, 198, 90, -133, -132, -43, 97, 199, 127, -96, -418, -290, 501, 638, -131, -418, -364, -94, 327, 231, 16, -108, -146, 15, 119, 37, -23, -3, -68, -47, 101, 122, -140, -235, 48, 148, 134, 72, -95, -72, -66, -53, 61, 120, -1, -174, -11, 217, -43, -265, 134, 292, -143, -192, 63, 26, -82, -13, 123, -31, -73, 54, 182]"
"[-20, 9, 10, 8, -12, 0, 70, 49, -105, -223, -168, 477, 665, -205, -518, -398, 46, 396, -80, -25, 1239, 137, -2271, -3093, -2237, 5440, 5861, 2237, 3188, -9053, -10354, 1336, 3544, 5900, 3304, -2752, -2549, -1322, 85, 1233, 225, -73, -50, -105, 122, 492, 426, -673, -811, -9, 453, 743, 265, -757, -550, 85, 151, 435, 265, -309, -159, -3, -96, 10, 153, 44, -158, -87, -10, 137, 223, 75, -141, -402, -202, 553, 599, -332, -562, -177, 83, 322, 131, -46, -19, -40, 15, -43, -61, 34, 34, -9, 27, 56, 19, -161, -163, 102, 109, 99, 66, -99, -47, -11, -47, -11, 74, 24, -156, 30, 250, -55, -246, 102, 248, -178, -237, 108, 95, -38, -22, 60, -39, -42, 75, 159]"
"[-35, 5, 10, 43, 22, -30, 24, 45, -71, -203, -205, 441, 674, -130, -460, -451, -6, 371, 20, 26, 984, -662, -3777, -990, 1850, 5581, 4886, -1598, -1092, -7911, -7165, 4762, 3618, 3188, 3019, -2384, -3010, -1187, 529, 1362, 72, -239, -14, 1, 198, 399, 257, -705, -709, 167, 489, 556, 187, -674, -539, 54, 166, 523, 328, -414, -270, 19, -22, 58, 120, -21, -174, -24, 71, 138, 146, -29, -160, -236, -18, 438, 342, -462, -551, 120, 298, 219, 4, -159, -17, 43, 8, -64, -52, 47, 30, 19, 82, 0, -87, -152, -80, 135, 54, 75, 112, -72, -44, -39, -82, -37, 61, 80, -97, 24, 205, -95, -222, 141, 256, -226, -308, 143, 182, -30, -105, 30, 19, 43, 102, 52]"
"[-20, -1, 6, 25, 10, -15, 32, 12, -137, -141, -58, 463, 606, -294, -564, -328, 87, 397, 132, -85, 36, -1091, -3106, 2176, 5208, 1816, 1358, -2964, -3916, -5981, -3574, 7829, 4153, 322, 1876, -2724, -3154, -73, 1087, 884, -232, -196, 109, 44, 224, 222, -37, -603, -425, 359, 457, 272, 90, -550, -541, 55, 248, 583, 327, -527, -338, 44, -4, 89, 139, -9, -188, -62, 118, 197, 88, -139, -150, -71, 122, 231, -16, -399, -277, 369, 379, -18, -155, -221, -69, 204, 153, -80, -115, -3, 70, 46, 45, -76, -128, -43, 8, 64, -20, 108, 170, -75, -66, -89, -136, 36, 155, 70, -129, -13, 182, -80, -186, 158, 233, -299, -357, 229, 248, -63, -158, 33, 74, 107, 115, -78]"
"[-3, 5, -1, -19, -34, 24, 91, 28, -158, -174, -46, 479, 586, -311, -555, -302, 76, 382, 156, -149, -669, -827, -955, 3520, 4722, -2181, -766, -1340, -4831, -4498, -437, 8700, 3820, -1681, 604, -2815, -2607, 1119, 1294, 52, -530, 20, 265, 85, 168, 27, -188, -373, -143, 357, 341, 7, -81, -334, -362, 102, 296, 462, 184, -540, -286, 128, 18, 76, 146, -70, -252, 8, 217, 150, -12, -152, -79, 19, 147, 23, -250, -185, 31, 372, 251, -141, -127, -173, -117, 179, 196, -45, -128, -27, 82, 26, -33, -64, -58, 55, 45, -34, -53, 118, 158, -87, -93, -77, -106, 93, 182, -1, -178, 30, 243, -78, -170, 101, 123, -329, -321, 346, 252, -119, -132, 95, 141, 28, 1, -105]"
"[-32, 27, 52, 3, -48, -33, 62, 67, -132, -172, -28, 472, 567, -354, -580, -245, 118, 365, 110, -225, -1048, -235, 1397, 3243, 1848, -4650, -666, 1108, -5340, -3561, 2448, 8220, 2475, -3123, -286, -2150, -1582, 1692, 1008, -737, -709, 450, 582, -50, -186, -119, -57, 9, 60, 67, 56, -16, 0, -166, -294, 52, 294, 387, 75, -516, -225, 201, 57, 42, 109, -127, -270, 101, 281, 80, -62, -146, -62, 45, 105, -64, -271, 9, 171, 228, 133, -110, -45, -189, -212, 155, 234, 14, -118, -34, 106, -41, -152, -14, 96, 114, -34, -163, -47, 206, 166, -128, -129, -72, -67, 142, 161, -64, -120, 102, 191, -223, -206, 205, 109, -320, -227, 370, 195, -158, -79, 127, 145, -39, -95, -100]"
"[-24, 44, 48, 0, -38, -22, 58, 41, -154, -126, 63, 465, 498, -455, -636, -147, 204, 370, 20, -279, -929, 503, 3156, 1296, -2630, -4475, 2471, 3378, -6624, -4625, 3968, 8871, 2246, -4439, -1331, -1648, -656, 1968, 544, -1192, -539, 831, 587, -456, -487, 195, 307, 70, 52, -253, -315, 86, 247, 109, -194, -168, 168, 360, 71, -449, -173, 210, 50, -27, 31, -71, -160, 136, 232, 9, -42, -127, -83, 21, 17, -71, -175, 199, 273, 4, -38, -56, 53, -148, -236, 91, 203, 55, -81, -30, 67, -87, -185, 103, 245, 59, -141, -236, -70, 285, 236, -130, -160, -88, -23, 113, 60, -52, -29, 125, 110, -229, -108, 210, -4, -324, -86, 378, 48, -197, 43, 210, 106, -158, -138, -41]"
"[-17, -19, -10, 28, 7, 7, 66, 14, -177, -134, 77, 496, 501, -505, -659, -91, 252, 346, -54, -276, -469, 930, 3187, -991, -5594, -1714, 6399, 3847, -7277, -7030, 2018, 9804, 4144, -3774, -2281, -2702, -449, 2798, 715, -1619, -607, 894, 403, -581, -405, 515, 454, -125, 1, -363, -587, 158, 460, 324, -98, -333, 45, 285, 54, -341, -128, 188, 43, -32, 32, -47, -114, 57, 123, 62, 30, -146, -127, 55, 52, -70, -171, 172, 256, 22, -25, -86, -8, -107, -142, 106, 155, 0, -69, -31, -2, -65, -108, 151, 235, -11, -154, -166, -11, 220, 167, -134, -158, -50, 5, 84, 27, -5, 40, 57, -4, -195, -22, 244, -18, -339, -73, 342, 25, -164, 53, 173, 83, -110, -85, -47]"
"[5, -4, -8, -2, -10, 16, 62, 13, -157, -121, 60, 469, 515, -459, -634, -148, 187, 361, -20, -201, 44, 926, 2056, -2561, -6202, 1854, 9720, 1389, -10514, -7754, 2475, 12028, 5731, -4355, -2921, -3828, -938, 3421, 967, -1616, -553, 862, 210, -646, -252, 731, 469, -318, -5, -362, -766, 141, 578, 529, 15, -490, -109, 236, 91, -214, -80, 132, 3, -57, 32, 11, -67, 0, 68, 53, -10, -116, -57, 109, 61, -140, -221, 173, 293, 68, -35, -148, -44, -49, -47, 106, 96, -91, -112, 35, 37, -48, -105, 145, 243, -27, -181, -167, 13, 248, 156, -184, -153, 6, 3, 13, 12, 65, 40, -2, 2, -116, -6, 158, -27, -260, -60, 237, -34, -68, 135, 147, 43, -150, -91, -28]"
"[10, 19, 3, -29, -32, 23, 82, 31, -147, -167, -20, 484, 581, -374, -587, -246, 125, 365, 3, -162, 429, 752, 508, -3304, -5009, 5023, 11251, -2436, -13731, -6393, 4274, 12938, 5633, -4550, -2096, -4670, -2301, 3387, 1468, -1045, -521, 543, 32, -492, -31, 737, 334, -422, 77, -266, -851, 19, 579, 678, 91, -537, -161, 183, 93, -139, -47, 83, -28, -55, 38, 25, -43, -8, 31, 18, -23, -59, -39, 85, 47, -84, -124, 142, 221, -25, -99, -73, 4, -1, 4, 71, 48, -128, -101, 77, 30, -75, -86, 158, 204, -58, -157, -103, 25, 182, 121, -142, -119, 6, -11, -7, 12, 94, 91, -24, -78, -173, 0, 275, 51, -313, -118, 200, -34, -26, 148, 141, 33, -165, -89, -5]"
"[-10, 29, 24, -4, -19, 6, 78, 20, -146, -176, -53, 478, 593, -320, -561, -277, 128, 360, -22, -151, 655, 546, -692, -3260, -2985, 6570, 10278, -6021, -15225, -2831, 6466, 11680, 4901, -4207, -1404, -5506, -3478, 3386, 1922, -394, -467, 130, -140, -284, 159, 695, 227, -456, 173, -208, -933, -154, 499, 886, 263, -596, -299, 128, 193, -20, -60, -52, -75, -6, 47, 25, -33, 34, 45, -69, -82, 57, 72, -13, -85, -27, 30, 159, 148, -157, -170, 1, 46, 55, 47, 26, 11, -133, -94, 98, 40, -83, -78, 172, 225, -100, -212, -95, 62, 203, 95, -165, -107, 53, 32, -49, -33, 85, 82, -16, -47, -139, -17, 213, 43, -241, -77, 140, -101, -5, 223, 165, -29, -226, -66, 68]"
"[-21, 6, 20, 21, -12, -23, 49, 42, -110, -170, -89, 443, 610, -256, -531, -345, 68, 392, 41, -142, 674, 416, -1144, -3124, -2076, 7083, 9642, -7479, -15390, -963, 7349, 10036, 3574, -3152, 36, -5717, -4462, 2857, 2215, 244, -406, -216, -237, -164, 204, 664, 216, -454, 181, -135, -863, -326, 313, 1011, 428, -592, -393, 72, 237, 51, -71, -99, -70, 40, 107, -26, -132, 25, 116, -34, -136, 33, 93, 19, -61, -21, 43, 128, 129, -173, -193, 19, 72, 70, 15, -6, 16, -63, -37, 49, -24, -104, -61, 232, 258, -137, -263, -132, 77, 293, 131, -256, -164, 83, 46, -45, -45, 103, 141, -12, -116, -212, -22, 326, 97, -303, -114, 171, -60, -42, 188, 182, -14, -248, -86, 93]"
"[-20, -1, 6, 28, 25, -5, 38, -1, -118, -160, -134, 441, 648, -175, -474, -416, 26, 367, -2, -121, 692, 506, -917, -3253, -2516, 6947, 9751, -7027, -14751, -984, 6826, 8860, 2735, -1746, 1548, -5852, -5278, 2072, 2263, 889, -239, -391, -274, -236, 142, 711, 238, -487, 166, 4, -700, -541, 44, 1085, 587, -516, -437, -27, 213, 171, 22, -187, -154, 60, 141, -28, -159, 41, 170, -45, -203, 2, 140, 76, -85, -76, 42, 172, 166, -185, -221, -24, 62, 109, 6, -38, 30, 19, 7, -27, -73, -88, -45, 239, 270, -148, -288, -157, 52, 333, 157, -237, -142, 74, 50, -62, -77, 88, 133, 28, -60, -219, -66, 271, 95, -239, -106, 148, -38, -18, 184, 117, -79, -215, -44, 133]"
"[-10, 35, 37, -10, -38, -4, 87, 38, -141, -209, -108, 494, 643, -256, -522, -342, 80, 349, -27, -131, 639, 605, -459, -3374, -3421, 6550, 10481, -5813, -14481, -2568, 5589, 9488, 3348, -1078, 2113, -6300, -5862, 1726, 2366, 1328, -162, -514, -214, -343, -84, 766, 400, -389, 163, -42, -673, -619, -38, 1136, 634, -539, -497, -20, 260, 242, 52, -269, -203, 76, 163, -34, -213, 50, 250, 24, -206, -126, 66, 144, -27, -66, 24, 128, 134, -135, -156, -26, 30, 69, 10, -17, 19, 2, 0, -16, -64, -67, -7, 208, 203, -155, -240, -92, 62, 257, 114, -200, -108, 82, 48, -83, -83, 82, 121, 69, 17, -264, -198, 243, 157, -137, -67, 109, -50, -71, 145, 165, -52, -228, -45, 169]"
"[-14, 53, 42, -28, -48, 6, 92, 42, -141, -212, -108, 506, 656, -270, -539, -356, 62, 381, 2, -150, 501, 725, 238, -3377, -4323, 5600, 10141, -4449, -13262, -2465, 5298, 8264, 2991, -349, 2183, -6688, -5988, 2147, 2661, 1182, -381, -553, -18, -289, -260, 645, 442, -244, 219, -103, -730, -615, 15, 1138, 596, -552, -475, 4, 260, 207, 24, -253, -173, 97, 151, -68, -206, 94, 273, -29, -267, -124, 98, 203, -18, -116, 14, 151, 140, -145, -147, -24, 21, 40, -15, 29, 71, -27, -57, -18, -34, -27, -7, 164, 194, -115, -230, -137, 33, 300, 160, -206, -111, 41, 4, -70, -68, 106, 159, 63, -42, -302, -159, 306, 160, -181, -88, 97, -50, -31, 151, 128, -70, -198, -6, 165]"
"[-1, 24, 9, 0, -4, -1, 50, 38, -85, -195, -177, 441, 666, -139, -445, -439, -3, 357, -31, -140, 307, 923, 1375, -3137, -5477, 3569, 9276, -1992, -11827, -2818, 5449, 8071, 3196, -1265, 520, -6638, -4883, 3575, 2817, -72, -893, -160, 271, -201, -301, 494, 413, -152, 263, -250, -925, -412, 336, 1131, 429, -796, -532, 265, 390, 24, -121, -137, -29, 67, 24, -109, -106, 175, 207, -120, -237, -57, 95, 180, -20, -151, -13, 194, 119, -133, -48, 24, -6, -98, -100, 111, 146, -20, -75, -35, -24, -30, -32, 152, 201, -103, -248, -111, 96, 283, 112, -247, -129, 88, 35, -73, -80, 108, 179, 40, -94, -273, -79, 313, 135, -239, -122, 93, -77, 30, 206, 135, -38, -228, -69, 119]"
"[14, 28, 7, -27, -26, 24, 82, 31, -80, -227, -250, 426, 701, -50, -421, -513, -51, 398, 35, -139, 278, 851, 1326, -3015, -5276, 3319, 8485, -2053, -11405, -1341, 6959, 6972, 2381, -2729, -1602, -5238, -2269, 4278, 1682, -1497, -898, 681, 476, -323, -279, 417, 377, -155, 105, -375, -855, 47, 642, 738, 72, -828, -414, 515, 440, -179, -181, -62, -51, 28, 36, 3, -13, 58, 66, -92, -165, -1, 121, 149, -43, -180, -15, 200, 85, -123, 10, 35, -69, -122, -35, 153, 103, -94, -107, 34, 35, -23, -31, 125, 187, -125, -269, -68, 144, 263, 83, -265, -146, 75, 10, 9, 21, 65, 90, -17, -62, -144, -23, 162, 10, -169, -48, 123, -74, -19, 148, 184, 79, -217, -140, 27]"
"[-17, 17, 31, 9, -26, -16, 57, 62, -59, -231, -252, 433, 711, -63, -434, -508, -24, 381, -28, -166, 276, 938, 1432, -3006, -5282, 3114, 7844, -2086, -10598, 260, 8069, 4691, 405, -2886, -1765, -3404, -659, 3313, 368, -1516, -285, 1086, 406, -650, -334, 519, 457, -200, -142, -389, -501, 318, 544, 266, -143, -554, -193, 519, 335, -256, -126, -24, -99, 1, 69, 30, -76, 45, 153, -37, -192, -59, 130, 140, -98, -136, 76, 195, 32, -152, 42, 30, -125, -122, -2, 204, 125, -144, -153, 40, 57, 28, 23, 56, 78, -110, -172, -13, 99, 156, 51, -146, -79, 0, -38, 61, 76, 22, 35, -35, -70, -97, 13, 164, 12, -194, -70, 137, -32, -32, 76, 160, 129, -156, -152, -25]"
"[-18, -32, -27, 37, 28, 14, 56, 13, -116, -195, -148, 480, 696, -211, -540, -425, 29, 415, -1, -192, 193, 952, 1692, -2885, -5489, 2616, 7472, -1558, -9803, 586, 8008, 3608, -338, -2589, -1602, -2735, -219, 2870, 70, -1407, -117, 1057, 321, -689, -295, 522, 393, -237, -203, -237, -220, 238, 274, 110, -134, -300, 10, 417, 160, -352, -118, 98, -31, -18, 39, -26, -119, 101, 221, -17, -184, -109, 93, 124, -133, -98, 149, 222, 12, -224, -12, 49, -88, -55, 24, 134, 71, -122, -102, 64, 34, -19, 10, 92, 111, -117, -188, -40, 69, 185, 107, -144, -136, -16, 23, 77, 28, 13, 53, -53, -87, -48, 51, 119, -40, -184, -20, 177, -34, -95, 33, 176, 150, -110, -121, -63]"
"[0, 17, 3, -19, -27, 28, 93, 17, -161, -190, -61, 520, 660, -355, -639, -313, 134, 428, -28, -242, 134, 1003, 1922, -2795, -5692, 2131, 7079, -817, -8621, 507, 7195, 2522, -656, -1646, -1255, -2819, -213, 2974, 292, -1615, -420, 1023, 472, -558, -369, 408, 409, -137, -181, -272, -200, 226, 227, 72, -151, -220, 100, 375, 71, -386, -93, 166, -22, -57, 35, -16, -139, 101, 252, -3, -188, -142, 60, 142, -79, -103, 69, 219, 120, -192, -111, -37, -72, 52, 77, 101, 58, -164, -147, 64, 33, 31, 64, 78, 80, -137, -168, -59, 8, 198, 145, -106, -111, -26, 8, 35, 35, 43, 26, -114, -140, 53, 202, 119, -116, -323, -83, 272, 15, -74, 57, 144, 106, -115, -106, -35]"
"[-58, -2, 38, 32, -25, -23, 69, 45, -148, -190, -59, 529, 673, -360, -642, -331, 116, 435, -23, -237, 72, 1010, 2149, -2638, -5859, 1666, 7181, -455, -9182, 221, 7931, 3153, -1020, -2245, -1129, -2623, -358, 3059, 557, -1689, -647, 905, 541, -376, -331, 282, 334, -98, -131, -247, -197, 203, 226, 55, -176, -213, 108, 383, 63, -391, -89, 185, 11, -70, -2, -44, -134, 143, 271, -6, -154, -199, -58, 164, 13, -43, 44, 161, 135, -150, -109, -90, -96, 89, 99, 84, 28, -154, -104, 104, 53, -39, -6, 81, 100, -76, -124, -97, -56, 193, 194, -61, -115, -96, -30, 87, 58, 13, 29, -33, -81, -67, 100, 176, -77, -306, -41, 275, -11, -127, 44, 157, 75, -90, -55, -16]"
"[-36, -17, -2, 33, 15, 7, 53, 7, -133, -174, -108, 507, 696, -281, -591, -392, 60, 432, 4, -217, -160, 986, 2688, -1931, -6018, 25, 7314, 2088, -8435, -4283, 4459, 7086, 2255, -2694, -1843, -3438, -699, 3361, 911, -1672, -859, 786, 685, -236, -376, 85, 213, 6, -19, -145, -134, 51, 97, 67, -148, -159, 132, 386, 79, -422, -130, 182, 27, -25, 23, -91, -180, 171, 316, 10, -144, -236, -83, 181, 61, -110, -110, 184, 216, -34, -21, -129, -130, -22, 22, 162, 114, -148, -149, 57, 68, -10, -47, 84, 188, -45, -206, -186, -27, 303, 212, -120, -115, -99, -68, 97, 79, 21, 48, 38, -35, -240, -33, 337, 82, -408, -180, 295, 41, -106, 38, 186, 117, -156, -146, 28]"
"[-18, 13, 8, 16, 12, -3, 34, 27, -30, -204, -320, 367, 701, 92, -312, -579, -101, 346, -11, -174, -343, 933, 2962, -1153, -5680, -1479, 6968, 4392, -7154, -8698, 349, 11012, 6090, -3115, -2882, -4297, -929, 3641, 1246, -1605, -1105, 540, 765, 105, -266, -174, 32, 50, 58, -9, -15, -87, -72, 30, -102, -43, 167, 337, 63, -441, -155, 227, 71, -59, -11, -69, -165, 143, 278, 76, -30, -273, -193, 134, 150, -56, -225, 82, 249, 134, 40, -229, -195, 3, 73, 174, 94, -183, -156, 79, 93, -4, -52, 0, 98, 50, -88, -218, -120, 307, 298, -106, -163, -147, -83, 144, 144, -42, -136, 112, 261, -194, -252, 148, 135, -228, -131, 234, 3, -183, -38, 292, 241, -163, -220, -28]"
"[-61, 38, 55, 26, -15, -42, 24, 78, 11, -227, -365, 344, 696, 144, -262, -599, -134, 330, -2, -167, -455, 886, 3076, -697, -5461, -2548, 5912, 6872, -3056, -11850, -5469, 10749, 8464, -142, -2123, -5788, -1814, 3582, 1637, -1246, -1176, 234, 714, 307, -164, -285, -60, 33, 60, 106, 125, -153, -194, -65, -138, 55, 203, 386, 156, -508, -277, 169, 84, 68, 65, -152, -241, 152, 295, 118, 51, -312, -338, 98, 299, 91, -251, -171, 89, 282, 156, -153, -132, -99, -45, 168, 147, -106, -150, 12, 72, 40, -12, -24, 64, 38, -97, -215, -117, 350, 312, -139, -147, -118, -103, 75, 134, 22, -153, 59, 240, -87, -124, 108, 52, -329, -183, 335, 137, -185, -161, 151, 223, 55, -72, -137]"
"[14, -3, -22, 5, 5, 17, 54, 37, -44, -218, -303, 388, 705, 55, -335, -582, -114, 373, 25, -169, -550, 785, 3067, -232, -4891, -3285, 4685, 7752, -746, -12690, -8393, 10282, 10012, 1569, -1931, -7084, -2541, 3897, 2108, -991, -1240, -133, 535, 557, 81, -352, -227, -56, 82, 234, 181, -194, -192, -101, -205, 44, 242, 450, 172, -574, -337, 215, 155, 83, 44, -206, -247, 165, 242, 123, 115, -240, -324, 18, 276, 126, -232, -201, 71, 300, 144, -182, -147, -48, 4, 157, 131, -130, -157, 29, 88, 30, -20, -38, 20, 43, -56, -153, -82, 293, 268, -151, -142, -100, -117, 84, 174, 17, -191, 57, 290, -135, -263, 183, 241, -302, -264, 226, 98, -116, -64, 153, 118, -30, -67, 0]"
"[-7, 13, 7, -2, -17, -5, 52, 63, -60, -228, -250, 441, 698, -64, -410, -503, -59, 372, 26, -188, -688, 688, 3081, 358, -4089, -4152, 2960, 8170, 1327, -11898, -9182, 8309, 8929, 2861, -629, -7003, -3326, 3455, 2567, -494, -1299, -642, 292, 877, 372, -413, -380, -152, 83, 328, 212, -209, -164, -80, -198, -39, 165, 484, 228, -526, -328, 142, 97, 135, 141, -222, -340, 96, 232, 217, 184, -241, -363, -58, 274, 237, -149, -325, -76, 317, 218, -95, -115, -115, -51, 154, 135, -88, -117, 22, 52, 3, 6, -16, -32, 22, -11, -83, -37, 221, 182, -178, -121, -2, -72, 8, 147, 58, -196, 6, 308, -73, -295, 105, 251, -213, -245, 174, 94, -107, -66, 162, 132, -79, -128, 38]"
"[-9, -21, -20, 27, 11, 8, 60, 46, -52, -245, -318, 435, 746, 20, -372, -593, -128, 402, 105, -191, -888, 424, 2786, 1360, -2447, -5062, 745, 7975, 3173, -10774, -9791, 6574, 7867, 3816, 573, -6481, -3756, 2589, 2518, 70, -1056, -847, 74, 827, 482, -242, -335, -344, -73, 427, 366, -186, -258, -140, -128, 20, 124, 398, 196, -448, -278, 133, 72, 134, 205, -215, -400, 19, 196, 290, 244, -199, -347, -175, 172, 364, 17, -373, -196, 258, 240, -31, -106, -131, -57, 150, 146, -70, -108, -6, 18, 8, 53, 19, -67, -54, -11, 10, 3, 164, 156, -173, -127, 9, -46, -8, 100, 67, -177, 9, 315, -45, -294, 55, 243, -166, -240, 156, 117, -104, -98, 131, 112, -46, -97, 46]"
"[7, 31, 7, -32, -34, 24, 79, 43, -82, -219, -244, 431, 691, -44, -396, -522, -78, 384, 114, -185, -959, 96, 2083, 2266, -495, -5343, -1144, 7287, 4941, -10088, -11484, 5310, 8244, 5200, 919, -6820, -3856, 2391, 2414, 240, -867, -874, -83, 721, 521, -94, -269, -430, -165, 456, 492, -192, -389, -176, -21, 63, 22, 347, 255, -375, -276, 78, 31, 149, 246, -176, -388, -28, 153, 285, 259, -152, -318, -207, 143, 350, 18, -360, -209, 263, 258, -10, -102, -146, -29, 130, 63, -81, -40, 57, -3, -69, 34, 83, -42, -96, -22, 79, 71, 67, 55, -155, -93, 42, -43, -27, 122, 108, -180, -104, 259, 71, -266, -18, 242, -56, -164, 72, 63, -143, -137, 162, 117, 6, -28, 6]"
"[-25, 0, 0, 25, 6, 1, 39, 47, -6, -217, -350, 327, 664, 151, -242, -602, -155, 339, 95, -178, -943, 108, 1928, 2277, -168, -5033, -1138, 6383, 4021, -8912, -9772, 4799, 7025, 4672, 972, -6302, -3599, 2451, 2372, 103, -840, -880, -187, 712, 603, -1, -271, -548, -228, 579, 667, -331, -672, -171, 167, 234, 15, 160, 166, -288, -186, 99, -13, 65, 228, -74, -310, -88, 73, 280, 302, -128, -343, -215, 181, 351, -17, -382, -209, 293, 283, -4, -110, -169, -24, 133, 41, -84, -26, 67, 5, -64, 22, 54, -54, -61, 26, 68, 25, 21, 53, -106, -87, 29, -43, -10, 136, 80, -213, -71, 323, 55, -325, -36, 296, -52, -260, 57, 149, -72, -125, 65, 35, 16, 12, 94]"
"[-3, 16, 12, -16, -33, 11, 63, 55, -43, -226, -308, 388, 684, 65, -296, -573, -156, 335, 125, -143, -943, 19, 1731, 2352, 139, -4597, -573, 5270, 2134, -8374, -8089, 5683, 6868, 3458, 170, -5885, -2855, 2698, 2018, -305, -808, -537, -48, 533, 473, -3, -256, -471, -147, 607, 702, -535, -919, -78, 320, 415, 117, -11, 35, -310, -182, 197, 58, -11, 115, -12, -162, -79, -3, 185, 270, -46, -263, -204, 157, 241, -131, -284, -53, 311, 208, -92, -115, -113, 17, 123, -9, -109, -6, 115, 45, -83, -24, -7, -89, 36, 119, 37, -31, -21, 22, -56, -4, 30, -109, -51, 149, 111, -198, -54, 305, 23, -297, -1, 301, -95, -314, 51, 179, -2, -132, 19, 70, 65, 16, 15]"
"[-4, 43, 28, -33, -47, 13, 74, 69, -51, -238, -277, 419, 699, -24, -395, -527, -91, 364, 132, -150, -910, -167, 1157, 2638, 1178, -3886, -390, 3264, 23, -6847, -5624, 5919, 5750, 2037, -237, -4699, -2070, 2381, 1580, -378, -604, -377, -75, 350, 437, 44, -337, -455, 30, 731, 638, -813, -1037, 72, 353, 518, 281, -124, -147, -349, -135, 318, 106, -106, 44, 71, -50, -135, -61, 167, 227, -80, -261, -107, 219, 186, -199, -284, 9, 333, 140, -129, -62, -38, -8, 50, 18, -45, -16, 53, 51, -54, -57, -38, -57, 91, 104, -38, -48, 65, 88, -117, -80, 24, -77, -6, 135, 83, -170, -18, 300, -12, -277, 4, 263, -141, -352, 115, 252, -4, -180, -17, 94, 114, 26, -25]"
"[22, -22, -34, -6, -4, 39, 82, 17, -134, -207, -158, 477, 654, -169, -453, -422, -21, 352, 125, -164, -805, -393, 296, 2769, 2251, -2725, -186, 1146, -1537, -4835, -2885, 4838, 3182, 961, 224, -2697, -1358, 1433, 1087, -218, -367, -287, -133, 169, 424, 176, -335, -544, 95, 795, 495, -986, -1038, 354, 526, 398, 180, -212, -191, -256, -82, 308, 108, -98, 52, 40, -96, -129, -1, 197, 175, -131, -229, -46, 208, 127, -216, -217, 75, 269, 27, -102, 55, -12, -98, 5, 98, 6, -75, -7, 83, 8, -54, -95, -69, 121, 88, -68, -53, 109, 101, -110, -38, -13, -141, -6, 160, 120, -114, -54, 186, -38, -181, 98, 245, -261, -413, 174, 309, 20, -183, -66, 51, 128, 69, 7]"
"[13, 31, 6, -33, -34, 25, 69, 27, -120, -171, -113, 456, 643, -229, -519, -397, 0, 402, 211, -120, -509, -813, -1178, 2553, 3262, -516, 950, -995, -2904, -4255, -1968, 4637, 2188, 460, 464, -1496, -959, 579, 653, 121, -85, -247, -174, -6, 375, 297, -280, -637, 53, 840, 439, -1017, -943, 477, 519, 250, 146, -172, -220, -221, -5, 288, 51, -122, 42, 80, -40, -118, -14, 150, 150, -129, -231, -30, 221, 144, -202, -272, 11, 303, 72, -79, 58, -27, -94, 5, 83, -10, -80, 15, 90, 12, -33, -85, -43, 56, -27, -51, 27, 186, 94, -183, -46, 29, -129, -47, 121, 138, -71, -42, 152, -61, -176, 121, 271, -232, -410, 105, 278, 69, -149, -74, 39, 102, 50, 21]"
"[-12, 13, 8, 12, -7, 0, 59, 28, -120, -183, -136, 464, 657, -203, -496, -403, 11, 366, 129, -22, 182, -971, -2657, 1297, 2910, 2378, 3264, -1759, -3016, -5768, -3878, 4791, 3139, 1348, 364, -1573, -623, 111, 117, 295, 198, -49, -169, -226, 277, 423, -151, -691, -33, 785, 382, -957, -854, 551, 548, 132, 62, -138, -188, -184, 23, 230, 19, -67, 49, -24, -84, 27, 82, 43, 49, -104, -186, 22, 258, 106, -238, -319, -55, 384, 196, -50, 52, -151, -226, 29, 181, 122, -48, -159, -28, 128, 93, -106, -93, 11, -60, -34, 49, 228, 141, -201, -103, -21, -113, 35, 146, 100, -57, -55, 92, -89, -172, 204, 352, -262, -471, 36, 263, 153, -110, -120, 27, 123, 49, -21]"
"[9, -8, -13, 6, 11, 9, 42, 30, -65, -204, -234, 413, 677, -53, -406, -494, -49, 384, 74, 21, 809, -750, -3224, -394, 1374, 4346, 5490, -995, -2692, -8328, -6290, 6239, 5216, 1316, -668, -1617, 78, -91, -431, 292, 479, 116, -282, -450, 179, 647, 107, -719, -220, 598, 408, -734, -790, 403, 474, 178, 97, -115, -191, -197, 49, 224, -13, -45, 111, -93, -215, 84, 218, 46, -37, -149, -173, 65, 286, 100, -253, -318, -14, 367, 124, -93, 73, -18, -138, -115, 32, 180, 66, -131, -96, 52, 86, -1, -11, -34, -102, -57, 38, 209, 129, -146, -85, -66, -136, 81, 194, 84, -103, -79, 125, -26, -130, 95, 194, -219, -326, 115, 204, 75, -58, -81, -27, 54, 49, 83]"
"[-24, 26, 33, -4, -36, 4, 80, 60, -74, -243, -263, 417, 688, -1, -360, -539, -105, 375, -24, 62, 1303, -228, -3032, -2155, -461, 5246, 5529, 921, 1710, -9127, -10505, 3073, 5904, 4358, -494, -2170, 481, -166, -736, 144, 545, 338, -157, -664, -71, 715, 299, -586, -233, 368, 251, -507, -549, 291, 308, 159, 130, -55, -142, -206, 59, 163, -140, -34, 248, 15, -246, -81, 125, 143, 77, -103, -213, -85, 216, 288, -80, -444, -139, 349, 93, -100, 74, 102, -37, -175, -58, 127, 113, -19, -88, -87, 16, 99, 40, -51, -86, -59, 14, 169, 105, -91, -44, -89, -153, 99, 214, 67, -102, -122, 31, 25, -13, 154, 185, -318, -347, 114, 146, 97, -15, -40, 13, 39, 9, 33]"
"[16, 7, -13, -10, 3, 14, 31, 39, -27, -196, -286, 360, 675, 49, -332, -555, -112, 376, -109, -8, 1382, 467, -1960, -3597, -2630, 5295, 4923, 2908, 6610, -8663, -14365, -1548, 6131, 8153, -244, -3324, 622, 395, -616, -201, 359, 444, 111, -639, -347, 483, 408, -243, -143, 83, 33, -389, -341, 360, 212, 10, 158, 66, -165, -285, 104, 227, -186, -108, 259, 95, -214, -145, 57, 181, 162, -73, -229, -205, 62, 415, 172, -402, -263, 186, 105, -21, 39, 101, 37, -202, -180, 143, 229, 37, -113, -175, -10, 147, 34, -74, -39, 29, 42, 19, -18, -14, 65, -75, -230, 55, 222, 136, 0, -130, -58, -114, -87, 306, 303, -297, -313, 59, 100, 0, -114, 56, 123, 81, -4, -47]"
"[-43, 11, 25, 21, -6, -13, 35, 59, -15, -219, -325, 363, 685, 87, -299, -571, -133, 347, -179, -73, 1060, 1226, 277, -4554, -5729, 3915, 4141, 5252, 10455, -6191, -15046, -7484, 4310, 11503, 368, -4515, 451, 1529, -100, -842, -63, 491, 289, -364, -275, 145, 260, -63, -152, 4, 137, -158, -305, 86, 146, 96, 64, 90, -2, -249, 23, 174, -153, -144, 185, 152, -140, -156, -19, 187, 260, -41, -261, -275, -6, 429, 270, -318, -311, 79, 158, 4, -108, 79, 175, -69, -159, -36, 69, 84, -15, -55, 61, 29, -108, -112, -7, 166, 106, -31, -42, -69, 38, -1, -142, -15, 61, 88, 75, 106, 104, -356, -360, 290, 355, -83, -165, 11, 78, -127, -221, 100, 197, 134, -32, -118]"
"[-18, 1, -1, 14, -1, 12, 60, 46, -36, -232, -336, 376, 710, 84, -334, -586, -113, 388, -112, -236, -111, 1524, 3485, -2735, -7357, -1632, 905, 9417, 14188, -4437, -15016, -11470, 2832, 13564, 906, -5479, 131, 2429, 375, -1269, -300, 464, 192, -223, 3, 103, 5, -145, -11, 56, -47, -87, -6, 80, -19, -40, 17, 148, 97, -177, -53, 73, -83, -65, 110, 89, -62, -91, -93, 56, 211, 173, -54, -402, -209, 393, 382, -194, -312, -26, 140, 3, -164, 105, 243, -24, -163, -113, 18, 134, 23, -42, 100, 28, -122, -205, -99, 217, 161, 43, 16, -129, -36, -24, -107, 75, 120, -80, -173, 244, 421, -265, -452, 33, 216, 9, -119, 140, 219, -186, -321, -4, 172, 253, 35, -186]"
"[7, 34, 26, -33, -53, 1, 62, 90, -9, -254, -354, 375, 718, 77, -338, -590, -137, 398, 3, -263, -859, 965, 3893, 262, -4334, -5761, -4326, 9934, 16599, -1273, -13999, -14118, 1555, 14478, 1454, -6129, -426, 2979, 810, -1396, -450, 478, 179, -281, 77, 260, 7, -354, -67, 181, -39, -165, -4, 196, 35, -143, -66, 174, 167, -121, -69, -2, -77, -29, 79, 68, -27, -35, -47, -40, 83, 178, 10, -288, -171, 290, 329, -154, -304, -51, 144, 68, -133, 33, 189, 24, -95, -126, -19, 91, -12, -21, 106, 115, 4, -289, -241, 195, 210, 87, 7, -151, -36, -4, -126, 71, 214, -52, -293, 121, 458, -87, -408, -82, 197, 61, -132, 71, 185, -105, -282, -14, 197, 253, 7, -233]"
"[-21, 2, 15, 2, -18, -8, 24, 75, 45, -213, -400, 251, 629, 241, -168, -612, -201, 308, 36, -204, -949, 291, 2423, 2159, -87, -6410, -8267, 7127, 17213, 2794, -12349, -16666, -13, 15545, 2567, -6855, -1439, 3201, 1282, -1155, -544, 390, 294, -371, -121, 385, 237, -404, -219, 154, 23, -142, -54, 194, 112, -95, -109, 42, 106, -3, -4, -21, -75, -28, 95, 26, -104, -11, 51, -3, 24, 82, -19, -213, -157, 292, 366, -107, -295, -139, 152, 101, -203, -27, 228, 111, -108, -171, 19, 118, -54, -82, 91, 204, 103, -326, -330, 117, 200, 196, 72, -182, -66, -17, -125, 55, 215, 6, -287, 17, 398, 58, -274, -196, 57, 86, -57, 88, 166, -112, -268, -54, 141, 278, 59, -208]"
"[5, 23, 8, -20, -16, 6, 28, 61, 38, -214, -409, 240, 620, 266, -156, -597, -145, 291, 14, -223, -564, -183, -26, 2326, 3356, -3575, -9187, 2381, 15755, 6279, -10338, -18388, -1630, 16158, 3671, -7072, -2208, 3048, 1556, -831, -651, 213, 402, -222, -186, 290, 311, -355, -277, 128, 76, -140, -96, 170, 89, -45, -23, 37, 50, -59, -35, 36, -24, -7, 123, -3, -155, -66, 62, 97, 54, -11, -57, -183, -176, 291, 381, -71, -277, -157, 168, 150, -186, -148, 143, 214, -32, -197, -12, 116, -12, -79, 22, 141, 125, -198, -282, 17, 143, 224, 110, -185, -119, -13, -63, 65, 176, 10, -230, -34, 292, 95, -148, -182, -56, 16, -21, 194, 211, -144, -260, -112, 38, 301, 152, -143]"
"[-23, 25, 22, 3, -12, -4, 25, 61, 52, -216, -426, 224, 621, 299, -131, -644, -215, 312, 84, -132, -44, -345, -1538, 1034, 3640, 19, -7118, -993, 13002, 8182, -7705, -19043, -3359, 15876, 4573, -6768, -2743, 2597, 1586, -366, -577, -9, 390, -54, -193, 142, 318, -196, -263, -14, 59, 4, -15, 25, -66, 13, 103, 108, 26, -198, -114, 140, 76, -22, 56, -43, -107, -11, 19, 16, 54, 82, -1, -231, -233, 244, 355, 28, -187, -205, 119, 137, -192, -179, 97, 278, 48, -191, -30, 47, -49, -47, 5, 145, 185, -150, -302, -66, 129, 285, 139, -227, -155, 14, -23, 28, 127, 42, -194, -71, 215, 152, -20, -177, -136, -75, -38, 264, 225, -139, -217, -80, 44, 206, 91, -88]"
"[-11, -11, -20, 10, 15, 15, 29, 32, -4, -204, -356, 287, 627, 196, -185, -586, -167, 292, 37, -112, 261, -161, -1691, -258, 2247, 1920, -4635, -2023, 10277, 8293, -5382, -17862, -3981, 14390, 4525, -6356, -2948, 2402, 1614, -59, -506, -232, 310, 116, -146, 16, 268, -72, -208, -77, 60, 63, 28, -76, -170, 14, 106, 221, 166, -261, -248, 71, 100, 75, 86, -84, -146, 8, 74, 28, 28, 48, 26, -217, -300, 197, 392, 141, -141, -313, 43, 165, -160, -165, 89, 298, 89, -225, -82, 68, 24, -49, -69, 64, 156, -17, -193, -113, 58, 265, 194, -195, -176, -49, -61, 76, 172, 37, -215, -71, 212, 150, 11, -163, -170, -109, -15, 314, 230, -196, -254, -50, 67, 210, 99, -89]"
"[-44, 10, 42, 29, -14, -42, 11, 78, 25, -210, -360, 309, 674, 141, -268, -596, -141, 353, 16, -142, 406, 228, -973, -1572, -188, 2685, -2497, -1318, 9237, 7844, -4428, -17676, -4396, 14048, 4584, -6413, -3121, 2535, 1718, -93, -567, -222, 338, 145, -147, 4, 289, -88, -253, -112, 5, 127, 132, -24, -180, -88, 64, 243, 177, -202, -200, -6, 25, 103, 119, -46, -94, -30, -5, -31, 7, 183, 137, -273, -359, 136, 348, 223, -40, -343, -64, 154, -54, -123, 19, 228, 105, -174, -82, 46, -19, -33, 3, 113, 154, -74, -178, -153, -60, 260, 237, -72, -104, -126, -115, 78, 186, 26, -240, -53, 257, 166, -11, -235, -212, -39, 23, 299, 233, -180, -235, -79, 35, 198, 92, -62]"
"[-23, -17, -10, 24, 1, -3, 47, 61, -17, -240, -337, 366, 697, 76, -327, -570, -91, 368, -28, -203, 205, 649, 553, -2018, -2529, 1450, -1740, 517, 8761, 7839, -2706, -17652, -5252, 13142, 4427, -6277, -3202, 2952, 1974, -322, -713, -184, 397, 163, -176, -73, 236, 24, -122, -197, -192, 131, 274, 135, -109, -263, -91, 222, 195, -47, -83, -99, -60, 80, 89, -35, -71, 59, 80, -119, -116, 165, 210, -179, -354, 9, 246, 326, 72, -382, -167, 202, 91, -127, -40, 127, 20, -156, -56, 171, 74, -109, -41, 62, 83, -43, -148, -97, 28, 260, 183, -173, -113, -52, -111, 35, 166, 90, -168, -100, 161, 161, 74, -184, -256, -116, -1, 349, 287, -164, -302, -150, 52, 324, 161, -128]"
"[-12, -10, 5, 8, -7, 1, 45, 51, 12, -227, -395, 277, 638, 238, -154, -626, -209, 316, 27, -184, -250, 703, 1961, -1087, -3279, -1558, -3387, 3376, 10837, 7415, -3253, -18301, -5402, 13302, 4287, -6201, -2954, 3102, 1941, -488, -729, -192, 361, 199, -153, -88, 253, 67, -93, -316, -356, 172, 349, 303, 70, -382, -274, 95, 162, 130, 41, -131, -119, 38, 116, -29, -123, 53, 120, -82, -115, 115, 168, -154, -310, 39, 236, 266, 53, -329, -160, 189, 138, -98, -64, 43, -22, -92, -6, 156, 22, -113, 18, 118, 85, -144, -194, -54, 5, 261, 263, -124, -192, -152, -79, 167, 216, -17, -243, -83, 194, 191, 73, -210, -268, -94, 20, 318, 254, -104, -211, -216, -61, 313, 212, -76]"
"[-10, -5, -10, 24, 19, -16, 6, 59, 48, -215, -423, 255, 652, 273, -150, -651, -219, 320, 76, -180, -624, 397, 2188, 545, -1629, -3973, -6332, 4282, 12896, 7792, -4476, -18667, -4509, 13664, 3669, -6564, -2579, 3480, 1842, -726, -653, -144, 282, 143, -145, -73, 205, 142, 69, -361, -509, 88, 354, 397, 110, -364, -264, 62, 163, 141, 53, -151, -137, 42, 135, -33, -158, 46, 157, -52, -140, 66, 159, -120, -308, 72, 312, 207, -66, -344, -113, 253, 148, -99, -26, 20, -57, -134, -31, 196, 31, -126, 38, 177, 96, -216, -200, -17, -14, 223, 235, -70, -114, -153, -124, 109, 212, 36, -247, -112, 211, 240, 88, -276, -335, -62, 84, 355, 262, -165, -263, -220, -60, 387, 295, -139]"
"[-20, 31, 44, 9, -25, -45, 12, 98, 51, -236, -416, 280, 679, 221, -212, -641, -189, 343, 115, -163, -705, -93, 1217, 1875, 1057, -4337, -8086, 2677, 12415, 8623, -4179, -17606, -3516, 12572, 2400, -6470, -1929, 3956, 1727, -1024, -568, -70, 169, 51, -82, 16, 138, 77, 134, -267, -496, -29, 275, 436, 149, -311, -241, 24, 162, 124, -21, -141, -55, 112, 140, -124, -206, 38, 112, 32, -8, 62, 105, -249, -424, 176, 469, 231, -137, -417, -125, 253, 125, -5, 79, -43, -125, -148, -14, 221, 39, -200, -62, 275, 228, -260, -297, -8, 65, 235, 205, -145, -187, -71, -25, 123, 197, -35, -303, -75, 283, 244, 17, -302, -253, -11, 39, 265, 234, -107, -242, -214, -42, 391, 306, -163]"
"[9, -3, -32, 4, 24, 18, 21, 38, 18, -208, -372, 292, 664, 167, -245, -592, -146, 335, 113, -134, -480, -466, -137, 2265, 3017, -3303, -8429, 912, 11484, 8776, -3745, -16419, -3408, 11135, 1765, -5170, -1045, 3425, 1247, -1072, -409, 61, 125, -31, 1, 5, -43, 49, 263, -106, -453, -211, 150, 477, 182, -278, -238, 56, 220, 69, -107, -127, -11, 128, 145, -103, -183, -12, 77, 41, -3, 68, 98, -226, -377, 151, 394, 212, -100, -343, -70, 189, 38, -44, 72, 56, -50, -177, -52, 200, 56, -197, -94, 300, 297, -288, -368, -12, 88, 243, 189, -148, -197, -39, 47, 119, 153, -79, -298, -53, 274, 225, -8, -251, -191, -32, 13, 247, 221, -97, -216, -208, -60, 361, 282, -132]"
"[-31, 29, 41, 10, -15, -38, 7, 74, 25, -210, -356, 301, 658, 145, -253, -586, -152, 348, 119, -92, -31, -651, -1576, 1647, 4015, -1009, -7449, -1380, 9380, 9248, -1959, -15120, -4099, 9134, 1568, -3599, -586, 2610, 903, -827, -248, 79, 36, -143, 76, 182, -43, -193, 113, 92, -241, -227, 59, 332, 102, -152, -151, 40, 239, 74, -156, -199, -5, 204, 151, -124, -163, -8, 60, 10, -34, 120, 179, -237, -425, 94, 382, 259, -93, -314, 23, 125, -137, -68, 162, 174, -42, -236, -41, 213, 86, -237, -206, 261, 354, -144, -326, -102, 99, 234, 120, -152, -160, -27, 14, 128, 186, -72, -293, -79, 202, 212, 62, -124, -144, -194, -76, 320, 270, -115, -237, -201, -55, 345, 233, -105]"
"[22, -19, -33, 0, 6, 20, 45, 55, 15, -236, -390, 287, 662, 208, -213, -625, -175, 341, 96, -56, 310, -606, -2222, 835, 4026, 585, -6709, -2786, 8214, 10239, -407, -15307, -5191, 8462, 1893, -3011, -712, 2461, 1076, -824, -338, 43, 8, -178, 81, 302, 19, -301, 23, 111, -216, -150, 156, 253, -49, -173, -83, 156, 289, -11, -243, -208, 37, 263, 146, -163, -167, 12, 71, 23, -14, 73, 133, -182, -343, 31, 252, 252, -9, -218, 14, 2, -181, 22, 198, 151, -33, -246, -82, 206, 133, -194, -224, 177, 287, -63, -241, -91, 79, 230, 183, -192, -234, -78, -51, 194, 278, 0, -260, -203, 88, 259, 160, -102, -204, -249, -84, 387, 314, -138, -270, -192, 10, 350, 214, -166]"
"[-10, 22, 8, -7, -11, 10, 42, 63, 43, -231, -414, 246, 630, 258, -156, -616, -193, 303, 62, -21, 590, -444, -2510, -173, 3428, 2164, -5468, -3921, 6838, 10962, 1356, -15331, -6495, 7291, 1843, -1803, -203, 2324, 1038, -1154, -457, 170, -5, -282, 41, 469, 131, -382, -13, 105, -290, -190, 222, 384, -44, -288, -79, 191, 227, -49, -219, -112, 128, 205, 39, -243, -164, 150, 155, -54, -113, 46, 167, -80, -293, -50, 208, 283, -4, -272, -15, 134, -42, -116, 18, 158, 28, -167, -51, 193, 136, -209, -221, 146, 269, -63, -297, -75, 148, 236, 107, -143, -85, -124, -173, 140, 288, 81, -195, -242, 3, 223, 195, -9, -180, -344, -137, 459, 375, -191, -348, -143, 114, 333, 115, -200]"
"[19, 6, -14, -24, -14, 15, 38, 63, 28, -220, -372, 280, 644, 171, -248, -573, -116, 336, -9, -65, 797, -25, -2094, -1583, 1427, 3501, -3259, -3715, 6096, 10136, 1275, -15133, -6591, 7293, 1890, -1539, -27, 2195, 1012, -1245, -568, 197, 62, -245, 8, 470, 187, -409, -63, 93, -319, -173, 281, 436, -39, -356, -111, 181, 211, 14, -155, -172, 31, 229, 114, -211, -177, 122, 148, -70, -110, 99, 213, -165, -385, -17, 264, 300, -53, -294, 35, 215, -14, -249, -118, 247, 216, -137, -203, 36, 176, 0, -179, -28, 213, 54, -252, -180, 73, 338, 221, -182, -152, -152, -172, 163, 305, 81, -207, -221, 51, 155, 94, 70, -69, -404, -250, 481, 440, -151, -331, -186, 69, 323, 142, -147]"
"[-3, -21, -8, 16, 7, 1, 40, 45, -12, -221, -334, 328, 662, 113, -285, -574, -125, 370, 15, -79, 777, 175, -1547, -2144, 111, 3730, -2045, -3520, 4977, 10247, 2546, -15154, -7412, 7207, 2549, -1665, -636, 2020, 1162, -889, -511, 63, 79, -233, -72, 462, 267, -357, -76, 36, -329, -183, 249, 456, -41, -345, -67, 216, 233, -48, -221, -196, 14, 320, 218, -231, -251, 29, 147, 46, -93, -3, 161, -22, -208, -110, 70, 219, 23, -128, 43, 107, 15, -200, -198, 163, 265, -26, -210, -62, 110, 78, -36, -22, 92, -35, -187, -67, 70, 225, 142, -125, -82, -102, -144, 81, 225, 82, -193, -168, 83, 147, 93, 66, -46, -447, -329, 502, 512, -93, -320, -277, -8, 350, 161, -99]"
"[2, 23, 16, -11, -18, -14, 26, 67, 22, -220, -368, 290, 646, 185, -214, -599, -170, 333, 5, -55, 756, 312, -1085, -2441, -816, 3662, -1302, -3331, 4037, 10634, 3982, -15526, -8630, 7423, 3645, -1898, -1507, 1782, 1406, -471, -523, -146, 111, -110, -103, 388, 316, -305, -104, -1, -270, -208, 116, 457, 56, -260, -71, 117, 186, 33, -145, -277, -108, 379, 352, -228, -352, -32, 177, 131, -64, -49, 115, -9, -164, -113, 37, 259, 109, -214, -103, 122, 114, -98, -164, 23, 130, 47, -85, -40, 51, 47, 3, -30, 31, 5, -88, -100, -25, 201, 186, -71, -88, -150, -149, 120, 233, 72, -176, -160, 103, 113, 20, 44, -16, -354, -282, 401, 392, -32, -175, -243, -77, 242, 148, -12]"
"[-23, -15, -2, 28, 8, -17, 14, 74, 61, -215, -398, 247, 639, 212, -229, -599, -136, 363, -17, -119, 613, 527, -250, -2540, -1991, 2837, -793, -2284, 3407, 10385, 5155, -15253, -9494, 7109, 4469, -1847, -2217, 1369, 1513, 45, -426, -347, 126, -46, -177, 327, 368, -253, -162, 33, -104, -242, -34, 373, 88, -167, -73, 59, 153, 109, -33, -318, -226, 305, 352, -86, -249, -115, 91, 166, 11, -146, -35, 108, -2, -153, -52, 263, 190, -248, -235, 114, 198, 21, -105, -114, 11, 97, 18, -27, -17, -26, -25, 49, 95, 19, -94, -165, -46, 227, 145, -76, -16, -78, -133, 17, 158, 80, -180, -114, 160, 135, -14, -29, 12, -279, -294, 294, 303, 69, -29, -215, -139, 108, 98, 92]"
"[-23, 38, 41, -4, -27, -24, 19, 82, 55, -215, -387, 244, 614, 216, -178, -579, -151, 299, -75, -98, 555, 660, 279, -2494, -2562, 2077, -810, -1508, 3264, 10296, 5862, -15274, -10327, 7071, 5399, -1676, -2813, 802, 1532, 521, -353, -520, 126, 79, -148, 235, 347, -250, -224, 78, 29, -229, -100, 279, 49, -120, -38, 76, 141, 123, 20, -362, -327, 323, 452, -28, -267, -217, 29, 226, 81, -141, -62, 65, -34, -115, -5, 271, 176, -285, -267, 142, 231, 47, -73, -135, -3, 56, -23, -19, -2, 2, -36, 46, 137, 39, -131, -211, -1, 305, 158, -200, -114, -5, -50, 31, 138, 62, -162, -148, 99, 174, 42, -23, 4, -278, -274, 261, 242, 53, -11, -144, -116, 62, 85, 120]"
"[5, -9, -16, -3, -10, 16, 52, 62, 8, -227, -355, 291, 628, 175, -206, -586, -163, 327, -26, -95, 462, 627, 515, -2297, -2763, 1528, -802, -787, 3399, 9509, 5459, -14678, -10060, 7043, 5622, -1682, -2961, 497, 1395, 745, -239, -579, 90, 142, -101, 139, 263, -195, -191, 101, 102, -247, -181, 226, 57, -69, -18, 76, 134, 99, 22, -344, -317, 296, 412, -17, -226, -184, 15, 155, 48, -53, 13, -9, -115, -81, 48, 263, 157, -278, -251, 98, 127, 73, 64, -43, -58, -108, -45, 114, 29, -83, -46, 146, 195, -96, -248, -126, 77, 298, 154, -205, -152, -32, -31, 84, 156, 32, -178, -166, 88, 208, 71, -49, -38, -264, -218, 269, 208, 20, -8, -126, -127, 73, 113, 114]"
"[-29, 24, 30, 16, -7, -21, 23, 64, 16, -205, -335, 287, 624, 139, -250, -559, -116, 350, -48, -140, 347, 669, 859, -1993, -2821, 559, -1701, 403, 5267, 9084, 3757, -15572, -9542, 8204, 5616, -2140, -2880, 661, 1405, 623, -306, -575, 123, 219, -88, 48, 216, -142, -150, 116, 115, -285, -216, 217, 69, -34, -27, 47, 155, 118, -17, -351, -277, 302, 370, -14, -172, -160, 13, 90, -14, -14, 88, 3, -171, -125, 63, 303, 117, -254, -110, 117, 49, -85, -28, 108, 75, -160, -158, 136, 119, -60, -20, 119, 129, -182, -241, -41, 32, 248, 178, -99, -77, -96, -107, 64, 208, 72, -235, -212, 135, 283, 72, -129, -70, -225, -183, 275, 194, -32, -40, -59, -66, 35, 61, 106]"
"[20, 2, -12, -25, -25, 25, 69, 61, -10, -235, -340, 317, 632, 130, -245, -542, -109, 310, -89, -126, 277, 680, 1089, -1636, -2632, -398, -2807, 1458, 7170, 8670, 1991, -16186, -8703, 8969, 5120, -2474, -2565, 1024, 1465, 393, -351, -578, 73, 187, -81, 107, 245, -152, -167, 98, 136, -266, -235, 162, 21, 25, 55, 85, 157, 3, -96, -295, -236, 323, 386, -38, -194, -155, 33, 107, -23, -68, 61, 68, -151, -160, 88, 341, 87, -328, -105, 216, 103, -173, -122, 109, 129, -79, -164, 31, 81, 37, 38, 75, 105, -201, -291, -10, 102, 264, 153, -98, -18, -143, -198, 73, 268, 81, -302, -205, 223, 315, 27, -200, -78, -183, -199, 282, 240, -21, -54, -96, -85, 56, 88, 109]"
"[0, -5, 1, -4, -24, -5, 36, 81, 21, -211, -338, 278, 610, 150, -227, -551, -138, 319, -46, -112, 198, 604, 1136, -1316, -2295, -941, -3693, 1924, 8576, 8641, 705, -16908, -8187, 9701, 4800, -2713, -2258, 1266, 1428, 170, -374, -497, 66, 123, -96, 152, 266, -139, -152, 61, 111, -255, -224, 161, 5, 25, 74, 94, 147, 1, -78, -297, -239, 309, 353, -47, -188, -102, 90, 73, -76, -105, 49, 106, -153, -131, 152, 324, 48, -363, -150, 221, 138, -63, -26, -13, -12, -74, -92, 85, 65, -16, -12, 116, 187, -153, -280, -91, 48, 276, 193, -111, -106, -127, -107, 112, 226, 16, -309, -156, 233, 311, 57, -193, -88, -233, -229, 332, 291, -49, -97, -106, -62, 78, 67, 73]"
"[-22, 44, 34, -9, -23, -11, 43, 62, -12, -219, -329, 328, 653, 105, -285, -560, -119, 368, -24, -155, 95, 567, 1154, -922, -1782, -1560, -4757, 2490, 10412, 8392, -1273, -17851, -7490, 11107, 4834, -3282, -2188, 1443, 1426, 23, -387, -444, 35, 73, -90, 216, 293, -177, -198, 79, 179, -235, -245, 103, -39, 19, 76, 176, 188, -47, -91, -273, -212, 264, 275, -43, -113, -33, 68, -41, -122, -14, 107, 76, -187, -120, 191, 321, 28, -396, -174, 239, 154, -60, -44, -3, 22, -73, -100, 55, 41, -15, -40, 142, 264, -135, -328, -158, 55, 325, 175, -121, -67, -116, -154, 99, 277, 34, -345, -188, 233, 348, 94, -208, -137, -252, -200, 391, 331, -125, -216, -85, 40, 171, 70, -48]"
"[3, 4, -19, -3, 6, 21, 50, 39, -41, -215, -291, 365, 650, 33, -326, -502, -81, 341, -56, -142, 63, 494, 1040, -561, -1173, -1936, -5526, 2705, 11546, 8054, -2838, -18178, -6742, 12104, 4890, -3807, -2242, 1531, 1416, 1, -353, -432, 3, 48, -69, 203, 253, -144, -178, 46, 178, -173, -216, 63, -16, -7, -16, 167, 237, 12, -94, -297, -184, 280, 269, -94, -165, 7, 121, -39, -146, 0, 149, 30, -251, -88, 243, 306, -24, -369, -104, 231, 103, -96, -51, 50, 71, -83, -128, 24, 40, 3, -44, 133, 266, -96, -275, -227, -51, 323, 220, -52, -47, -159, -174, 97, 266, 53, -314, -174, 241, 291, 25, -178, -70, -219, -213, 334, 305, -90, -188, -85, 56, 161, 41, -97]"
"[-34, 25, 42, 24, -11, -41, 5, 69, -4, -177, -254, 320, 612, 13, -339, -492, -85, 370, -3, -154, -9, 400, 871, -215, -418, -2107, -6181, 2140, 11337, 8593, -2476, -17985, -6634, 11791, 4712, -3816, -2224, 1602, 1408, -19, -337, -395, 20, 14, -90, 205, 257, -132, -198, 40, 225, -129, -244, -5, 26, 62, -45, 36, 168, 142, -17, -327, -173, 286, 239, -161, -201, 64, 162, -11, -133, -54, 124, 77, -206, -144, 175, 324, 1, -357, -95, 261, 125, -152, -86, 88, 103, -112, -169, 39, 77, 37, -17, 82, 202, -115, -273, -123, 66, 251, 91, -113, -35, -37, -101, 32, 199, 46, -284, -147, 224, 290, 65, -180, -105, -242, -213, 367, 336, -119, -251, -84, 108, 210, 37, -149]"
"[-3, 20, 28, -9, -36, -15, 52, 70, -56, -205, -219, 375, 612, -59, -395, -429, -9, 360, -48, -186, -17, 355, 654, 32, 310, -2061, -6781, 1266, 11015, 9758, -1480, -18530, -7439, 11583, 4931, -3443, -2179, 1453, 1378, 21, -305, -430, -29, 15, -63, 218, 232, -129, -200, 29, 254, -48, -215, -126, -54, 144, 45, -4, 80, 144, 55, -294, -216, 228, 242, -105, -177, 43, 146, -5, -105, -81, 49, 90, -136, -99, 172, 262, -44, -348, -88, 308, 189, -179, -156, 59, 132, -68, -162, 22, 59, 17, -24, 103, 170, -78, -179, -129, 25, 214, 93, -125, -51, -4, -71, -17, 126, 90, -202, -157, 154, 268, 87, -141, -91, -245, -211, 353, 333, -129, -268, -78, 102, 207, 36, -114]"
"[6, 0, -24, -7, 2, 36, 70, 4, -132, -155, -86, 404, 539, -199, -443, -323, 38, 346, -55, -190, -20, 290, 398, 211, 934, -1817, -6818, 318, 9905, 10233, -490, -17856, -7529, 10919, 4941, -3351, -2354, 1319, 1359, 213, -247, -467, 1, 49, -47, 144, 170, -118, -181, 47, 253, -51, -220, -108, -23, 118, 20, 12, 88, 124, 57, -263, -194, 200, 214, -111, -168, 48, 101, 8, -21, -65, -21, 54, -79, -83, 105, 254, 5, -338, -133, 332, 268, -204, -237, 47, 176, -41, -160, 17, 57, -26, -59, 148, 209, -119, -248, -68, 125, 202, 36, -160, -43, 20, -64, -11, 119, 82, -163, -144, 121, 221, 76, -114, -83, -226, -190, 323, 295, -133, -273, -11, 197, 155, -69, -145]"
"[-28, -22, -2, 46, 20, -16, 29, 25, -89, -154, -133, 381, 563, -147, -423, -369, 0, 344, -44, -151, 25, 224, 197, 269, 1321, -1630, -7030, -241, 9639, 10803, 6, -18029, -7843, 10816, 5063, -3264, -2401, 1290, 1401, 194, -353, -511, 37, 215, 43, 41, 120, -147, -233, 70, 283, 0, -198, -122, -4, 87, -31, 17, 106, 137, 69, -250, -200, 153, 204, -75, -171, 20, 90, 36, 34, -59, -81, -18, -51, 2, 94, 185, 20, -297, -173, 299, 318, -163, -280, -12, 190, 37, -142, -62, 28, 39, -43, 84, 196, -43, -234, -178, 51, 364, 202, -271, -169, 45, 1, -35, 59, 112, -101, -172, 36, 234, 157, -87, -118, -274, -212, 342, 334, -90, -274, -85, 172, 186, -72, -146]"
"[4, 38, 11, -33, -29, 19, 63, 40, -96, -185, -149, 410, 591, -157, -453, -372, 36, 368, -48, -205, -1, 246, 116, 264, 1391, -1262, -6041, -938, 7222, 10164, 1666, -15406, -7431, 8467, 3780, -2569, -1089, 1867, 641, -1153, -462, 564, 334, -70, -9, 10, 60, -153, -184, 96, 217, -18, -156, -88, -9, 84, -7, 16, 101, 94, 18, -204, -136, 170, 219, -120, -236, 12, 146, 71, -24, -81, -25, 6, -72, -14, 79, 167, 31, -252, -177, 267, 329, -128, -268, -42, 176, 25, -156, -38, 45, 31, -56, 96, 224, -52, -236, -207, -29, 357, 271, -178, -183, -54, -8, 33, 83, 74, -109, -162, 38, 229, 157, -103, -144, -251, -169, 326, 287, -94, -260, -59, 198, 181, -81, -170]"
"[12, -15, -38, -5, -3, 43, 83, 20, -119, -177, -105, 397, 547, -194, -465, -330, 47, 364, -21, -194, 19, 110, -403, 358, 2152, -458, -5749, -2207, 6260, 10444, 2096, -15160, -7781, 8619, 4528, -2705, -1744, 1685, 953, -947, -571, 445, 331, -39, -21, 49, 111, -164, -217, 72, 230, 18, -145, -140, -56, 134, 58, -6, 41, 88, 25, -182, -115, 210, 250, -180, -270, 15, 122, 85, 31, -59, -67, -39, -51, 43, 94, 121, 23, -247, -207, 252, 345, -80, -254, -89, 141, 57, -105, -46, 12, 4, -59, 108, 217, -9, -154, -224, -88, 244, 185, -35, -51, -86, -53, 4, 59, 84, -77, -129, 45, 182, 123, -96, -140, -221, -137, 323, 274, -124, -266, -37, 195, 171, -79, -157]"
"[-13, 17, 17, 4, -18, -8, 54, 48, -83, -197, -178, 396, 602, -125, -446, -398, 20, 381, -18, -207, 69, 93, -684, 222, 2440, 244, -5485, -3541, 4878, 11979, 4405, -15861, -9875, 8362, 6158, -2085, -2824, 684, 1202, 1, -407, -21, 146, 88, 89, 57, 73, -188, -269, 12, 246, 257, 34, -355, -252, 117, 101, 93, 68, 33, -6, -174, -110, 226, 280, -186, -317, -6, 143, 137, 65, -104, -128, -33, 7, 64, 47, 102, 80, -233, -282, 205, 375, 13, -213, -151, 91, 63, -63, -6, 7, -67, -80, 132, 181, -5, -114, -178, -45, 196, 93, -51, 25, -17, -72, -77, 27, 115, -40, -107, 23, 123, 105, -28, -111, -236, -114, 327, 244, -167, -246, 4, 156, 110, -98, -62]"
"[14, 18, -6, -22, -11, 19, 44, 42, -31, -183, -238, 306, 565, 10, -327, -449, -49, 342, -13, -169, 165, 44, -978, 3, 2497, 1030, -4957, -4772, 3336, 13725, 7512, -17200, -13420, 8091, 8595, -554, -3641, -1038, 987, 991, -114, -353, -29, 184, 187, 102, 93, -280, -345, -9, 207, 382, 179, -399, -337, 65, 116, 133, 52, 32, 56, -190, -228, 192, 362, -61, -313, -143, 81, 222, 150, -115, -197, -96, 21, 140, 45, 63, 107, -190, -272, 123, 286, 62, -128, -114, 85, -1, -110, 24, 55, -54, -84, 107, 144, -16, -113, -114, 40, 172, 4, -134, 23, 67, -72, -73, 75, 119, -51, -139, 13, 120, 93, -18, -102, -229, -113, 327, 267, -160, -254, -50, 102, 142, -42, -24]"
"[-14, 2, 6, -7, -21, 10, 49, 56, -31, -205, -242, 326, 567, -9, -330, -439, -54, 340, 1, -156, 239, 18, -1201, -218, 2398, 1606, -4336, -5185, 2428, 13869, 8868, -17111, -15141, 7369, 9944, 1012, -3833, -2820, 349, 2011, 462, -632, -317, 190, 252, 158, 137, -264, -335, -113, 82, 474, 350, -403, -463, -4, 169, 221, 51, -8, 100, -216, -359, 172, 457, 73, -276, -275, 3, 248, 179, -68, -152, -137, -23, 106, 12, 104, 163, -169, -294, 39, 231, 148, -55, -133, 60, 1, -105, 4, 69, -29, -75, 65, 102, -41, -149, -42, 127, 209, 33, -248, -64, 92, -68, -47, 129, 142, -72, -207, -26, 143, 101, 41, -44, -293, -190, 358, 331, -178, -297, -33, 126, 113, -71, 11]"
"[-30, 10, 22, 11, -18, -11, 49, 58, -42, -202, -237, 339, 586, -21, -362, -437, -4, 340, -57, -184, 304, 57, -1323, -343, 2397, 1883, -4151, -5305, 2288, 13827, 9197, -17004, -15677, 6797, 10081, 2053, -3308, -3680, -364, 2254, 876, -517, -469, 67, 303, 238, 133, -311, -340, -118, 1, 519, 506, -342, -515, -181, 83, 314, 73, 16, 167, -188, -369, 81, 411, 134, -237, -314, -38, 295, 230, -78, -152, -170, -59, 107, -9, 105, 171, -84, -176, -32, 91, 98, -12, -50, 50, -32, -83, 30, 47, -57, -63, 104, 135, -67, -184, -99, 76, 303, 133, -282, -125, 90, -47, -67, 104, 197, -4, -243, -83, 103, 78, 95, -4, -287, -191, 350, 345, -197, -337, -19, 181, 115, -121, -19]"
"[13, 23, -6, -37, -34, 36, 75, 51, -47, -211, -227, 344, 581, -43, -376, -418, -1, 342, -42, -183, 297, 33, -1376, -375, 2305, 1979, -3937, -4918, 2812, 12940, 7975, -16761, -15031, 7270, 10093, 1878, -3215, -3818, -577, 2238, 952, -394, -444, 15, 271, 239, 169, -305, -372, -132, 7, 538, 541, -320, -515, -273, 23, 380, 116, 2, 171, -191, -421, 51, 410, 222, -147, -355, -116, 258, 249, -28, -130, -185, -65, 81, -26, 109, 148, -49, -89, -41, -2, 20, -6, 65, 107, -75, -104, 29, 59, -103, -131, 163, 216, -70, -210, -121, 47, 283, 155, -212, -105, 26, -77, -53, 106, 214, 3, -259, -80, 139, 97, 29, -69, -242, -115, 359, 294, -240, -317, 33, 190, 79, -110, -17]"
"[-23, 8, 13, 5, -15, 3, 62, 39, -76, -197, -191, 375, 583, -96, -415, -392, 24, 337, -63, -150, 411, 5, -1534, -575, 2105, 2321, -3551, -4731, 3173, 12410, 7075, -16927, -14635, 7987, 10228, 1438, -3391, -3765, -527, 2332, 994, -477, -505, 45, 305, 230, 176, -282, -402, -202, -14, 637, 632, -332, -526, -377, -84, 425, 192, 75, 185, -273, -461, 69, 402, 247, -88, -332, -133, 172, 195, 34, -68, -198, -121, 71, 16, 133, 132, -49, -43, -72, -70, 32, 52, 65, 45, -74, -44, 51, 34, -147, -166, 195, 261, -36, -166, -181, -51, 269, 216, -151, -152, -35, -63, 35, 171, 133, -111, -247, 17, 194, 85, -44, -115, -250, -125, 425, 351, -274, -375, 46, 259, 101, -150, -91]"
"[-26, 16, 32, 1, -29, -14, 48, 60, -60, -187, -172, 358, 560, -120, -430, -371, 50, 357, -49, -199, 368, 58, -1454, -658, 1912, 2364, -3432, -4569, 3442, 12341, 6727, -17349, -14637, 8608, 10477, 1002, -3703, -3585, -307, 2360, 924, -511, -447, 24, 240, 213, 181, -226, -380, -235, -25, 650, 613, -301, -420, -404, -210, 352, 226, 188, 193, -342, -448, 127, 394, 144, -130, -221, -67, 103, 142, 67, -23, -210, -171, 80, 70, 136, 72, -56, 39, -42, -137, -48, 101, 125, -42, -120, 33, 119, 20, -187, -171, 181, 265, -18, -191, -194, -19, 268, 170, -125, -82, -60, -136, 41, 227, 155, -130, -272, 13, 201, 95, -40, -122, -246, -102, 411, 326, -292, -433, 63, 344, 188, -132, -209]"
"[33, 31, 3, -47, -35, 20, 55, 50, -34, -192, -243, 317, 571, 0, -341, -438, -27, 337, -20, -164, 342, 25, -1435, -603, 1896, 2236, -3650, -4131, 4537, 11959, 5282, -18029, -14117, 9828, 10623, 325, -3877, -3365, -185, 2326, 887, -540, -454, 14, 224, 236, 219, -190, -369, -352, -110, 763, 682, -345, -394, -347, -237, 196, 146, 362, 329, -421, -533, 135, 421, 121, -178, -162, 20, 68, 66, 54, 12, -174, -185, 48, 117, 173, -3, -178, -5, 184, 87, -180, -96, 71, 9, -59, 24, 131, 18, -236, -202, 267, 359, -39, -235, -245, -39, 294, 199, -111, -99, -100, -142, 77, 230, 134, -149, -236, 67, 212, 88, -113, -191, -213, -45, 453, 318, -342, -447, 95, 377, 176, -146, -227]"
"[-21, -3, -15, 34, 35, 7, 29, 12, -57, -173, -208, 339, 565, -54, -368, -394, 1, 319, -47, -138, 383, 4, -1493, -600, 1908, 2201, -3846, -3694, 5744, 11487, 3607, -18787, -13558, 11321, 10986, -514, -4257, -3191, 9, 2373, 802, -581, -379, 33, 182, 195, 214, -162, -352, -382, -180, 811, 792, -344, -461, -352, -114, 148, -63, 326, 469, -272, -541, -3, 376, 174, -161, -186, 2, 124, 144, -5, -104, -215, -167, 178, 186, 120, 18, -161, -2, 30, -106, -74, 64, 168, 14, -147, -12, 117, 40, -180, -195, 196, 314, -14, -212, -219, -29, 250, 126, -68, 14, -54, -165, -27, 196, 150, -178, -192, 150, 197, 32, -141, -201, -186, -8, 488, 333, -413, -513, 126, 420, 208, -145, -267]"
"[-24, 10, 22, 2, -26, -18, 29, 77, -16, -192, -225, 316, 557, -43, -377, -398, 9, 338, -45, -161, 371, 12, -1483, -559, 1934, 2074, -4068, -3305, 6726, 11095, 2259, -19359, -13141, 12501, 11336, -1096, -4508, -3177, 56, 2446, 809, -616, -365, 46, 138, 167, 256, -96, -336, -469, -267, 849, 865, -284, -451, -426, -112, 187, -85, 224, 435, -129, -445, -112, 267, 199, -107, -143, 10, 85, 108, 17, -61, -212, -171, 162, 174, 83, -66, -134, 59, 164, 28, -201, -69, 121, 17, -105, -22, 150, 74, -185, -181, 166, 254, -32, -190, -122, 47, 168, 32, -59, 65, -26, -164, -54, 156, 122, -195, -140, 174, 222, 64, -167, -190, -199, -62, 438, 313, -316, -416, 77, 334, 183, -112, -224]"
"[15, 23, -6, -26, -26, 21, 66, 51, -58, -210, -219, 360, 581, -57, -388, -411, 15, 353, -49, -189, 336, 60, -1396, -560, 1818, 1931, -4153, -2748, 7713, 10405, 693, -19645, -12356, 13578, 11396, -1845, -4747, -2926, 223, 2459, 783, -707, -422, 99, 205, 140, 195, -66, -280, -540, -367, 941, 953, -326, -488, -357, -11, 128, -168, 143, 354, -32, -316, -65, 241, 69, -172, -60, 75, 78, 79, -15, -68, -176, -172, 158, 204, 125, -1, -229, -115, 137, 80, -54, 16, 90, 15, -206, -122, 193, 140, -139, -175, 118, 226, -36, -196, -101, 47, 169, 74, -58, 0, -68, -112, 45, 188, 10, -272, -93, 233, 224, 26, -189, -182, -160, -23, 411, 258, -335, -392, 139, 355, 136, -130, -235]"
"[6, -15, -15, 9, -3, -4, 33, 49, -45, -164, -176, 317, 523, -78, -383, -354, 44, 329, -59, -189, 299, 45, -1326, -444, 1911, 1743, -4300, -2875, 7377, 10658, 1188, -19429, -12425, 13272, 11361, -1844, -4813, -2882, 264, 2452, 748, -684, -360, 104, 191, 90, 135, -47, -210, -492, -384, 855, 900, -279, -444, -342, -57, 123, -86, 194, 326, -122, -324, -3, 260, 27, -197, -70, 57, 99, 66, -8, -35, -132, -129, 114, 156, 65, -43, -108, 38, 69, -54, -107, 37, 156, 2, -210, -77, 214, 116, -172, -167, 149, 240, -41, -192, -131, 19, 192, 102, -80, -39, -55, -93, 48, 172, 18, -250, -77, 245, 181, -20, -172, -160, -138, -19, 397, 258, -323, -386, 119, 328, 129, -125, -157]"
"[-24, 35, 41, -11, -43, -26, 37, 78, -42, -161, -127, 308, 460, -136, -384, -277, 67, 288, -79, -181, 208, 58, -1080, -114, 2145, 1063, -4769, -2786, 6986, 10619, 1525, -18447, -11796, 12444, 10711, -1910, -4717, -2607, 362, 2402, 723, -725, -377, 98, 158, 129, 213, -14, -200, -591, -471, 871, 933, -218, -416, -399, -112, 160, -20, 183, 290, -138, -325, 1, 267, 38, -182, -74, 33, 65, 86, 47, -37, -204, -170, 176, 214, 46, -111, -136, 62, 168, 30, -184, -48, 149, 47, -218, -151, 217, 165, -120, -151, 98, 214, -37, -210, -107, 83, 189, 25, -111, 24, 13, -99, -26, 166, 31, -299, -85, 289, 232, -14, -210, -172, -161, -39, 444, 286, -353, -379, 148, 322, 53, -193, -95]"
"[-4, -13, -21, 7, 7, 13, 41, 19, -101, -135, -63, 354, 455, -215, -430, -225, 107, 282, -97, -206, 44, 153, -488, 247, 2130, -167, -5772, -2338, 7008, 11268, 2291, -18182, -11581, 11796, 10202, -2077, -4695, -2269, 483, 2342, 690, -800, -421, 178, 263, 103, 110, -98, -199, -432, -355, 751, 805, -201, -370, -359, -88, 137, -49, 190, 287, -150, -303, 50, 275, -30, -230, -34, 87, 76, 59, 0, -51, -148, -118, 140, 157, 39, -85, -127, 13, 196, 129, -184, -137, 102, 128, -136, -174, 90, 93, -42, -83, 85, 139, -9, -73, -102, -10, 94, 29, -30, 27, -30, -125, 25, 221, 40, -277, -138, 211, 217, -3, -122, -75, -203, -144, 363, 305, -225, -341, 59, 286, 99, -181, -113]"
"[-16, 4, 3, 13, 3, -15, 23, 47, -51, -155, -156, 315, 501, -86, -362, -345, 15, 319, -57, -199, -82, 351, 552, 184, 922, -1625, -6368, -915, 7448, 12050, 3532, -18880, -12290, 11414, 10088, -2128, -4845, -1918, 775, 2327, 614, -985, -513, 291, 355, 79, 58, -128, -236, -363, -242, 722, 725, -231, -362, -331, -69, 144, -38, 178, 285, -200, -385, 59, 307, 90, -136, -122, 24, 61, 37, 11, -33, -106, -71, 85, 54, 62, 32, -107, -88, 145, 198, -106, -174, -5, 114, -1, -88, -20, -12, -5, 1, 120, 111, -106, -127, -7, 73, 62, -51, -52, 99, 59, -144, -131, 134, 213, -91, -229, 38, 168, 50, -14, -41, -247, -141, 349, 274, -263, -380, 113, 343, 108, -199, -128]"
"[-9, 21, 16, -12, -27, 5, 51, 73, 18, -220, -320, 269, 565, 112, -263, -470, -40, 321, -101, -194, 166, 774, 1315, -1498, -2338, -597, -3200, 403, 5909, 10733, 4825, -18083, -12975, 10520, 10178, -1790, -5010, -1858, 1061, 2272, 375, -1096, -479, 447, 458, 18, -86, -214, -200, -147, -114, 537, 569, -179, -278, -347, -156, 153, 34, 246, 292, -279, -395, 55, 229, 108, -49, -56, 11, -42, -30, 77, 73, -74, -105, -15, 31, 114, 46, -110, -89, 103, 152, -43, -121, -35, 78, 40, -15, -54, -94, -43, 26, 213, 165, -165, -174, -60, 14, 169, 63, -106, 15, 59, -94, -98, 146, 148, -148, -224, 27, 212, 120, 8, -44, -352, -250, 407, 358, -205, -394, 61, 365, 146, -178, -178]"
"[30, -3, -20, -22, -13, 20, 27, 62, 93, -181, -404, 108, 492, 336, -90, -563, -143, 306, -65, -158, 471, 810, 657, -2735, -3304, 2230, 141, -1489, 2569, 10509, 6846, -17137, -14025, 9782, 10700, -1372, -5197, -2058, 1120, 2295, 305, -1128, -486, 522, 500, 4, -111, -234, -180, -100, -115, 471, 561, -85, -198, -477, -324, 204, 151, 286, 229, -302, -342, 84, 240, 75, -94, -92, 4, 27, 8, 67, 70, -91, -102, -14, 29, 94, 15, -100, -60, 127, 149, -85, -153, -23, 81, 86, 25, -87, -123, -16, 88, 197, 114, -224, -208, -5, 50, 161, 41, -59, 90, -14, -179, -95, 123, 189, -66, -184, 22, 146, 92, -9, -64, -302, -243, 389, 391, -165, -376, -10, 286, 144, -140, -93]"
"[-3, -16, -20, 13, 8, 3, 13, 63, 89, -189, -391, 151, 523, 268, -149, -526, -100, 297, -71, -121, 808, 516, -1133, -2906, -908, 5058, 613, -6178, -810, 12952, 9602, -16782, -15419, 9135, 11774, -791, -5572, -2835, 905, 2614, 401, -1136, -508, 595, 582, -51, -171, -244, -188, -98, -105, 534, 617, -135, -235, -539, -423, 275, 266, 364, 279, -431, -500, 54, 286, 232, -20, -181, -70, 30, 74, 127, 73, -208, -174, 34, 26, 105, 53, -56, -40, 103, 153, -135, -239, 3, 182, 171, 10, -228, -156, 71, 124, 127, 32, -196, -154, 35, 46, 153, 81, -97, 8, 10, -87, -94, 13, 162, 50, -71, 20, -51, -39, 113, 41, -311, -291, 416, 499, -200, -483, -81, 274, 255, -50, -149]"
"[-26, 32, 43, 0, -28, -23, 17, 83, 95, -187, -393, 112, 488, 331, -79, -570, -164, 296, 4, -79, 812, -103, -2641, -1228, 3183, 4431, -2879, -8668, -1220, 15757, 11942, -17024, -17258, 7991, 12810, 639, -5492, -3986, 384, 2839, 574, -978, -486, 519, 505, -82, -167, -110, -88, -183, -162, 570, 707, -259, -494, -508, -242, 472, 292, 172, 221, -361, -493, 31, 291, 280, 25, -223, -110, 33, 123, 73, -71, -179, -64, 126, 20, -3, 6, 39, 80, 34, 18, -171, -193, 118, 269, 41, -189, -196, 8, 188, 86, -61, -84, -37, 21, 46, -1, 35, 49, -49, -3, -12, -92, -52, 12, 168, 118, -61, -31, -137, -74, 165, 41, -262, -208, 400, 452, -234, -440, -98, 180, 252, -13, -103]"
"[2, -1, -10, -12, 0, 20, 14, 47, 107, -157, -396, 48, 427, 380, -9, -538, -181, 243, 54, -60, 353, -505, -2212, 803, 4658, 1254, -5569, -7354, -824, 16370, 13993, -16666, -19197, 6177, 13468, 2688, -4964, -5223, -284, 2934, 725, -739, -426, 448, 421, -104, -89, -2, -55, -313, -200, 589, 626, -340, -539, -276, 6, 388, 101, 4, 210, -125, -360, -74, 231, 279, 34, -276, -196, 107, 222, 74, -94, -206, -67, 119, 3, -4, 26, 103, 142, -78, -149, -129, -25, 226, 206, -177, -293, 25, 206, 114, -62, -128, -42, 101, 109, -20, -42, -48, -35, -6, 38, 63, -31, -126, -84, 170, 195, -26, -95, -185, -45, 241, 81, -310, -242, 377, 444, -202, -452, -118, 209, 300, -22, -171]"
"[-27, -2, 9, 21, 4, -21, -6, 72, 130, -165, -415, 35, 426, 404, 10, -552, -191, 247, 85, -126, -233, -319, -400, 1511, 2945, -1384, -5474, -4609, -767, 15289, 14978, -16028, -20188, 5044, 13792, 3785, -4838, -5830, -436, 3028, 681, -665, -320, 427, 295, -90, 113, 61, -159, -504, -237, 648, 475, -300, -342, -55, 132, 92, -188, 30, 349, 63, -315, -207, 229, 281, -74, -335, -139, 263, 266, -39, -169, -199, -45, 200, 55, -61, 11, 104, 100, -175, -248, 70, 231, 139, -26, -275, -223, 213, 291, 4, -146, -144, -22, 141, 102, -84, -83, 60, 70, -94, -77, 77, 28, -78, -58, 145, 164, -65, -103, -112, 24, 178, 3, -297, -202, 351, 370, -142, -322, -126, 97, 213, -15, -33]"
"[-39, 27, 37, 8, -18, -14, 18, 66, 96, -176, -396, 87, 449, 347, -48, -534, -143, 285, 45, -218, -359, 266, 1105, 419, 12, -1649, -3800, -2626, -163, 13948, 13715, -16367, -19570, 6230, 13989, 2797, -5253, -5444, -218, 2879, 508, -493, -115, 316, 109, 3, 380, -24, -440, -585, -176, 751, 423, -157, -20, -172, -195, -93, -122, 327, 479, -83, -400, -235, 229, 244, -189, -231, 43, 288, 206, -190, -276, -61, 141, 178, -64, -137, 81, 134, -71, -229, -95, 303, 286, -119, -188, -204, -121, 282, 259, -102, -167, -6, 117, 10, -111, -75, 49, 168, 62, -180, -96, 79, -18, -53, 34, 193, 130, -192, -164, -33, 58, 195, 57, -312, -267, 296, 392, -59, -315, -191, 77, 254, 4, -53]"
"[14, 4, -8, -4, -3, 1, 19, 68, 83, -197, -400, 151, 532, 289, -142, -560, -114, 333, 4, -211, 6, 555, 1008, -1125, -1624, 83, -2267, -2167, 1390, 13035, 10598, -17728, -17462, 9136, 13542, -50, -5944, -3829, 346, 2420, 326, -239, 11, 67, 50, 264, 522, -367, -751, -373, 40, 783, 464, -148, -44, -397, -394, 123, 164, 348, 337, -307, -458, -31, 310, 166, -218, -174, 108, 217, 73, -180, -139, 24, 76, 20, -108, 2, 150, 58, -155, -107, 118, 202, 71, -200, -159, -33, 14, 186, 84, -126, -37, 85, 43, -108, -91, 31, 47, 90, 62, -120, -88, 46, 9, -47, 9, 147, 77, -171, -124, 53, 128, 100, -42, -312, -238, 330, 381, -67, -299, -172, 65, 235, 19, -29]"
"[-7, 14, 6, 11, 2, -10, 14, 63, 80, -187, -386, 147, 516, 267, -155, -516, -86, 285, -39, -131, 416, 438, -55, -1932, -1464, 2067, -1770, -2694, 3591, 12600, 6712, -19574, -14879, 12417, 12548, -3028, -6246, -1986, 778, 1997, 388, -170, -124, -43, 270, 336, 283, -607, -775, -55, 227, 701, 449, -243, -172, -415, -364, 256, 289, 269, 186, -365, -378, 81, 272, 59, -222, -59, 176, 125, -20, -147, -80, 41, 57, 13, -79, 17, 113, -12, -169, 38, 266, 80, -103, -249, -116, 127, 78, 50, 4, -50, -4, 40, 41, -50, -76, -31, -3, 133, 133, -74, -63, -73, -130, 12, 156, 181, -47, -241, -31, 156, 103, -33, -133, -207, -95, 364, 333, -214, -371, -52, 175, 237, 5, -113]"
"[4, 38, 29, -30, -46, 3, 44, 91, 103, -221, -437, 120, 503, 346, -78, -541, -117, 258, -22, -101, 655, 84, -1631, -1823, 470, 3793, -2310, -4433, 5068, 12810, 3663, -20640, -12425, 14482, 11096, -5114, -6086, -366, 1200, 1625, 382, -328, -192, 21, 330, 141, 4, -493, -616, 148, 400, 595, 380, -404, -308, -367, -323, 379, 389, 195, 100, -412, -395, 134, 301, 78, -207, -77, 164, 92, -77, -84, 62, 34, -79, -102, -43, 186, 143, -128, -144, 118, 233, -115, -263, -30, 134, 125, -21, -90, -25, 20, -1, 49, 83, -34, -101, -95, -15, 190, 147, -108, -79, -52, -116, 38, 202, 115, -153, -214, 53, 209, 96, -104, -164, -174, -54, 386, 325, -280, -422, 11, 252, 224, -39, -145]"
"[1, 4, -8, -18, -17, 21, 32, 53, 71, -180, -372, 140, 499, 258, -139, -499, -92, 265, 27, -83, 570, -443, -2843, -461, 3527, 3535, -4945, -5463, 7702, 13228, 184, -21633, -9773, 16262, 9520, -6731, -5702, 939, 1624, 1309, 218, -590, -196, 117, 201, 88, 57, -360, -599, 202, 620, 518, 212, -642, -511, -167, -63, 528, 389, -88, -89, -290, -254, 201, 262, -30, -213, 34, 208, 6, -86, -9, 111, -93, -241, -50, 95, 291, 110, -287, -177, 252, 272, -187, -242, 13, 107, 57, -21, -37, -8, -19, -52, 78, 170, -30, -188, -140, 15, 229, 137, -75, -37, -133, -176, 127, 271, 26, -240, -147, 140, 195, 42, -150, -175, -96, 24, 321, 218, -296, -388, 95, 326, 204, -71, -232]"
"[-25, -6, -3, 23, 12, 3, 21, 46, 52, -180, -355, 170, 515, 229, -164, -518, -119, 299, 98, -100, 190, -777, -2909, 1311, 5725, 1319, -8205, -4413, 11259, 12637, -3737, -22175, -7253, 17820, 8399, -7881, -5406, 1760, 1983, 998, -62, -717, -143, 181, 132, 133, 114, -323, -528, 214, 673, 407, 48, -701, -475, 15, -1, 368, 282, 0, -40, -283, -196, 207, 191, -70, -117, 103, 137, -131, -81, 128, 107, -236, -320, 147, 305, 189, -41, -354, -176, 296, 255, -108, -154, -64, 47, 103, 18, -123, -112, 31, 15, 165, 238, -120, -252, -143, 7, 229, 162, -40, -79, -175, -128, 206, 277, -81, -314, -74, 240, 196, -45, -200, -97, 14, 54, 154, 65, -212, -267, 144, 305, 134, -88, -228]"
"[-54, -7, 28, 43, 1, -35, 3, 73, 70, -191, -373, 181, 543, 220, -194, -525, -106, 325, 132, -157, -347, -833, -1844, 2844, 6100, -2029, -10657, -1042, 15280, 10090, -8527, -21792, -4320, 19283, 7410, -8911, -5064, 2343, 2157, 618, -340, -676, -48, 263, 160, 119, 109, -344, -502, 260, 769, 283, -143, -754, -471, 122, 1, 454, 462, -58, -194, -391, -212, 326, 289, -51, -133, -32, 34, -47, 42, 127, -26, -299, -247, 298, 388, 57, -182, -346, -89, 354, 263, -182, -260, 1, 212, 60, -141, -112, -44, 40, 63, 219, 196, -271, -301, 2, 93, 198, 144, -91, -123, -142, -69, 211, 224, -151, -352, 52, 369, 134, -152, -222, -43, 47, 5, 120, 93, -174, -294, 136, 368, 149, -133, -284]"
"[31, 24, 1, -50, -49, 23, 55, 85, 37, -210, -335, 215, 529, 160, -222, -478, -73, 314, 108, -208, -815, -605, -151, 3538, 4623, -4990, -11141, 2908, 17532, 6744, -11728, -20114, -1904, 19355, 6285, -9390, -4646, 2889, 2313, 157, -649, -513, 171, 247, 35, 86, 177, -270, -467, 167, 733, 292, -208, -847, -607, 341, 336, 502, 350, -382, -367, -191, -47, 377, 284, -188, -219, 61, 133, -71, -31, 65, -54, -169, -116, 234, 289, 2, -209, -246, 71, 300, 12, -261, -27, 235, 84, -261, -174, 163, 49, -19, 106, 151, 91, -301, -311, 61, 135, 233, 156, -168, -170, -83, -17, 196, 194, -179, -374, 93, 447, 127, -244, -257, 55, 100, -68, 39, 98, -116, -274, 138, 377, 131, -146, -301]"
"[-11, -24, -20, 24, 20, -1, 14, 53, 34, -186, -325, 232, 540, 128, -251, -454, -45, 313, 77, -253, -1093, -184, 1586, 3250, 1893, -6661, -9550, 6442, 17846, 2818, -13782, -17159, 457, 18354, 4904, -9502, -4015, 3296, 2180, -311, -725, -196, 277, 19, -115, 241, 392, -296, -621, -3, 738, 433, -324, -891, -398, 609, 439, 75, -12, -232, -151, -42, -9, 227, 160, -191, -156, 127, 116, -94, -17, 44, -86, -155, -110, 304, 385, -108, -316, -155, 154, 160, -106, -77, 143, 36, -179, -110, 99, 181, -33, -139, 34, 145, 84, -184, -210, 24, 87, 173, 126, -116, -129, -86, -21, 174, 153, -186, -336, 173, 491, 12, -336, -207, 91, 94, -50, 80, 84, -181, -271, 192, 389, 102, -171, -324]"
"[-14, 6, 26, 17, -14, -41, 0, 89, 55, -185, -327, 227, 550, 115, -290, -445, 1, 336, 24, -319, -1171, 324, 2921, 2243, -1007, -6922, -7425, 8933, 18213, -33, -15514, -15772, 1841, 18064, 3948, -9437, -3295, 3584, 1962, -766, -720, 15, 177, -51, 47, 368, 381, -510, -791, 64, 789, 478, -333, -753, -154, 466, 209, -71, -71, -29, 12, -46, -40, 124, 78, -147, -54, 157, 41, -210, -82, 205, 65, -188, -156, 259, 361, -115, -272, -133, 52, 117, 10, 39, 75, -135, -185, 77, 175, 51, -103, -122, 33, 187, 122, -196, -221, 9, 82, 176, 104, -123, -109, -45, 1, 137, 119, -194, -338, 211, 526, -25, -400, -178, 160, 114, -55, 29, 23, -176, -229, 244, 398, 58, -203, -315]"
"[1, -14, -29, 2, 1, 15, 42, 62, 26, -219, -360, 253, 577, 161, -248, -508, -62, 353, 21, -341, -1061, 787, 3587, 817, -3375, -5890, -5176, 9938, 18143, -1697, -16583, -15127, 2750, 17845, 2987, -9267, -2485, 3859, 1677, -1149, -651, 174, 101, -89, 147, 387, 290, -616, -832, 236, 855, 390, -262, -579, -83, 93, -158, 129, 236, 128, -39, -283, -111, 248, 161, -177, -158, 137, 150, -141, -159, 160, 175, -194, -274, 207, 366, -31, -229, -164, 16, 157, 94, -11, -38, -127, -75, 102, 96, 27, -42, -131, -23, 194, 134, -197, -222, 25, 60, 174, 164, -67, -118, -145, -19, 200, 127, -238, -347, 242, 518, -41, -351, -134, 124, -4, -89, 138, 61, -205, -216, 254, 393, 13, -248, -268]"
"[-38, 7, 31, 28, -24, -38, 35, 99, 38, -222, -345, 247, 545, 159, -220, -495, -84, 333, -44, -299, -628, 1169, 3496, -996, -5308, -3608, -2180, 9917, 17129, -3822, -17834, -13501, 4139, 17481, 2212, -9200, -1985, 3890, 1482, -1292, -657, 189, 96, 41, 279, 233, 94, -637, -801, 398, 976, 372, -218, -759, -347, 115, -74, 366, 478, 11, -240, -427, -138, 343, 173, -63, -16, 35, 2, -161, -57, 208, 70, -232, -160, 258, 313, -97, -234, -146, 48, 172, 36, -91, -95, 28, 127, 52, -66, -119, -97, 53, 152, 200, 78, -350, -288, 116, 110, 163, 169, -66, -141, -171, -4, 230, 107, -264, -314, 299, 521, -128, -391, -91, 123, -3, -69, 164, 76, -226, -230, 239, 397, 36, -236, -296]"
"[-2, 52, 37, -24, -33, -4, 45, 53, -13, -182, -272, 262, 524, 89, -264, -440, -22, 313, -128, -297, -366, 1312, 3161, -1724, -5660, -2413, -1047, 9633, 16792, -5066, -19083, -12281, 5624, 17361, 1468, -9525, -1741, 4110, 1451, -1382, -726, 184, 210, 147, 249, 44, -29, -533, -695, 473, 1020, 342, -170, -924, -654, 186, 214, 592, 438, -333, -416, -212, 58, 371, 154, -220, -102, 103, 1, -176, 1, 311, 101, -371, -271, 284, 353, -32, -235, -142, 127, 151, -52, -163, -67, 157, 149, -57, -56, -54, -175, -1, 245, 278, 35, -445, -333, 187, 171, 175, 177, -98, -174, -178, 18, 222, 36, -234, -205, 319, 453, -202, -384, -36, 122, 0, -35, 138, 18, -204, -176, 248, 384, 10, -256, -297]"
"[-17, -10, -2, 18, -7, -5, 42, 65, 6, -209, -309, 290, 570, 71, -321, -430, 28, 338, -155, -317, -145, 1347, 2651, -2243, -5625, -1220, 127, 8954, 15446, -6361, -19456, -9962, 7115, 16355, 791, -9725, -1799, 4172, 1438, -1262, -665, 200, 282, 80, 115, -3, -25, -387, -559, 412, 951, 295, -200, -934, -654, 273, 287, 528, 329, -358, -328, -115, -2, 255, 178, -87, -49, -6, -92, -126, 101, 277, -13, -351, -177, 297, 316, -48, -215, -165, 71, 151, -38, -83, 21, 98, 67, -95, -83, -27, -104, 107, 300, 80, -121, -369, -281, 236, 227, 185, 159, -171, -178, -143, -23, 186, 59, -141, -137, 244, 375, -230, -398, 32, 194, 23, -31, 39, -61, -170, -143, 281, 380, 0, -226, -288]"
"[-19, 47, 56, -8, -50, -34, 41, 107, 39, -229, -341, 276, 585, 108, -297, -465, -10, 333, -174, -255, 185, 1318, 1934, -2823, -5394, 110, 754, 7991, 14836, -6232, -19198, -10004, 6622, 16688, 1746, -9784, -2472, 3638, 1460, -772, -526, 91, 258, 24, 33, 49, 64, -323, -530, 295, 851, 343, -143, -915, -638, 277, 288, 462, 254, -300, -250, -105, -25, 252, 223, -123, -143, -17, -30, -21, 138, 161, -81, -347, -222, 369, 441, -59, -280, -239, 21, 202, 31, -46, 25, 10, -20, -41, -10, -27, -122, 128, 321, 34, -168, -350, -235, 277, 227, 127, 144, -148, -177, -169, -59, 219, 96, -132, -125, 225, 329, -231, -357, 31, 154, 28, -21, 37, -23, -133, -145, 187, 296, 50, -164, -232]"
"[-14, 34, 22, -14, -36, -4, 55, 80, 21, -223, -333, 263, 556, 131, -264, -472, -32, 332, -167, -226, 362, 1270, 1486, -3097, -5249, 829, 1269, 7758, 14675, -7014, -19901, -9494, 6846, 17126, 2481, -9969, -3028, 3138, 1431, -348, -380, 22, 255, -23, -36, 14, 79, -192, -444, 117, 664, 463, 13, -896, -660, 218, 240, 439, 227, -207, -125, -132, -103, 203, 264, -134, -244, -16, 43, 56, 126, 76, -99, -304, -220, 408, 518, -134, -393, -197, 120, 205, -6, -108, -57, 50, 77, 13, -66, -67, -22, 156, 241, -59, -174, -291, -238, 300, 301, 112, 68, -220, -180, -63, -11, 178, 110, -141, -183, 178, 315, -125, -281, -36, 117, 63, -10, -36, -82, -64, -80, 185, 253, 29, -114, -195]"
"[-4, -13, -4, 8, -17, 3, 41, 66, 32, -190, -309, 226, 520, 135, -248, -453, -25, 318, -180, -206, 477, 1221, 1165, -3197, -5092, 1249, 1815, 7710, 14179, -8247, -20545, -7970, 7733, 16654, 2340, -9930, -3079, 2910, 1353, -190, -322, -42, 205, 26, -2, 11, 109, -185, -474, 27, 605, 585, 100, -970, -751, 270, 357, 456, 160, -287, -67, -52, -134, 60, 158, -5, -115, 3, 35, -23, 58, 98, -48, -276, -223, 394, 503, -150, -373, -155, 147, 136, -117, -75, 63, 128, 42, -111, -94, 39, 66, 75, 101, -68, -107, -180, -207, 228, 285, 125, 62, -275, -219, 5, 10, 146, 124, -75, -158, 78, 262, -48, -231, -104, 46, 136, 95, -31, -110, -163, -143, 249, 298, 25, -128, -182]"
"[-25, 39, 41, -19, -44, 13, 69, 43, -38, -185, -253, 292, 548, 49, -321, -431, 25, 340, -198, -226, 567, 1205, 886, -3329, -5026, 1795, 2758, 7315, 12607, -9296, -20052, -5697, 8604, 15072, 1505, -9648, -2861, 3032, 1361, -191, -287, -92, 163, 26, 6, 20, 104, -181, -477, 26, 647, 574, 4, -998, -671, 384, 393, 336, 59, -281, -19, 22, -140, -18, 127, 76, -25, -37, -67, -52, 148, 171, -125, -376, -150, 508, 448, -292, -363, -35, 98, 46, -72, 87, 157, -41, -128, -73, 36, 98, 15, -19, 68, -10, -65, -163, -195, 196, 283, 114, 1, -292, -186, 91, 43, 84, 81, -56, -117, 100, 271, -107, -301, -69, 135, 130, 0, -65, -67, -103, -138, 231, 324, 14, -179, -211]"
"[15, -4, -14, -13, -21, 21, 74, 60, -35, -218, -256, 326, 556, 4, -348, -392, 42, 321, -195, -206, 537, 1188, 958, -3298, -5200, 1838, 3562, 7382, 11392, -10589, -20101, -3320, 10138, 13458, -98, -9444, -2064, 3548, 1296, -634, -427, 51, 251, 7, -19, 23, 109, -229, -531, 121, 793, 472, -186, -989, -571, 456, 393, 293, 52, -289, -37, 25, -130, -10, 117, 94, 37, -73, -159, -69, 192, 223, -153, -378, -44, 509, 347, -400, -393, 69, 166, 66, -62, 20, 123, -13, -94, -90, -24, 100, 59, 14, 93, -47, -156, -189, -116, 302, 256, 1, -8, -200, -145, 48, 19, 73, 56, -46, -74, 126, 257, -158, -334, -28, 193, 129, -51, -111, -52, -23, -109, 148, 279, 67, -146, -234]"
"[-17, 1, -7, 23, 12, 12, 55, 29, -44, -199, -264, 328, 580, 19, -359, -423, 36, 353, -177, -234, 444, 1241, 1241, -3242, -5515, 1597, 3985, 7614, 10741, -11206, -19998, -2100, 10974, 12406, -1288, -9152, -1302, 3908, 1189, -997, -516, 104, 252, 88, 73, -44, 23, -243, -491, 206, 840, 317, -342, -869, -420, 443, 293, 259, 130, -244, -111, -32, -77, 73, 115, 30, 16, -60, -169, -26, 264, 190, -211, -403, -49, 530, 367, -386, -396, 45, 130, 74, -19, 61, 89, -74, -44, -23, -72, 10, 91, 88, 75, -91, -160, -173, -79, 309, 208, -49, -2, -119, -112, -17, -5, 114, 67, -89, -82, 156, 253, -201, -362, 33, 265, 85, -148, -106, 36, 26, -143, 84, 292, 91, -200, -254]"
"[7, 15, 3, -21, -36, 18, 74, 63, -45, -219, -240, 346, 553, -25, -360, -368, 57, 319, -183, -234, 386, 1249, 1392, -3186, -5642, 1470, 4085, 7610, 10491, -11156, -19783, -1897, 11111, 12009, -1781, -8888, -846, 3995, 1061, -1199, -551, 195, 295, 76, 51, -74, -3, -209, -431, 240, 821, 196, -399, -755, -340, 394, 216, 255, 186, -198, -136, -65, -46, 84, 85, -1, 25, -37, -166, -39, 234, 170, -194, -320, -11, 431, 290, -323, -334, 36, 128, 78, -4, 6, -6, -51, 24, 55, -63, -64, 76, 124, 81, -141, -211, -81, 53, 242, 88, -84, 11, -41, -47, -47, -65, 76, 46, -13, 16, 147, 186, -281, -356, 134, 291, 12, -177, -63, 68, 4, -201, 83, 356, 138, -208, -319]"
"[6, -20, -28, 7, 15, 18, 28, 33, -17, -171, -243, 310, 564, -16, -380, -391, 60, 359, -170, -275, 284, 1312, 1672, -3109, -5864, 1164, 4179, 7917, 10512, -11597, -20261, -1431, 11784, 11898, -2276, -8948, -518, 4138, 970, -1384, -567, 278, 276, 40, 99, -37, -49, -261, -397, 321, 849, 71, -544, -687, -195, 470, 190, 135, 125, -186, -146, 47, 86, 18, 2, -72, -48, 10, -91, 53, 285, 59, -278, -305, 38, 448, 242, -341, -287, 70, 108, 65, 30, -25, -53, -37, -4, 58, 43, 7, 14, 1, 101, -92, -264, -82, 106, 250, 45, -108, 25, -6, -58, -70, -31, 108, 15, -56, 49, 179, 160, -324, -361, 169, 307, -15, -213, -54, 102, 37, -203, 44, 366, 151, -242, -341]"
"[-27, 41, 55, 2, -50, -34, 47, 95, 17, -206, -280, 265, 513, 69, -277, -400, 17, 308, -166, -271, 144, 1340, 1995, -2901, -6103, 728, 4571, 8410, 10091, -12810, -20944, 61, 13005, 11469, -2896, -9146, -284, 4314, 904, -1535, -555, 366, 239, -61, 104, 88, -38, -357, -396, 402, 879, 13, -582, -700, -217, 498, 218, 194, 202, -300, -320, 87, 216, 99, -7, -160, -69, 46, -76, 8, 220, 108, -194, -289, 7, 373, 195, -277, -217, 82, 87, -12, -44, 44, 62, 8, -21, -89, -61, 111, 120, -10, 27, -85, -152, -82, -6, 174, 57, -19, 64, -4, -66, -119, -42, 143, 32, -68, 45, 162, 127, -303, -292, 187, 258, -84, -225, 10, 117, 16, -209, 68, 408, 143, -273, -395]"
"[-1, -9, -1, -2, -35, 10, 81, 79, -13, -237, -296, 305, 562, 68, -308, -455, -14, 368, -104, -276, 21, 1322, 2305, -2720, -6322, 184, 4257, 8926, 10722, -12639, -21198, -701, 12761, 12089, -2626, -9335, -379, 4318, 920, -1513, -533, 346, 203, -74, 115, 121, -36, -387, -426, 440, 939, 38, -539, -813, -394, 527, 346, 310, 223, -403, -374, 68, 201, 151, 3, -175, -63, 83, -42, -38, 165, 150, -83, -317, -106, 298, 197, -168, -180, 36, 103, 24, -82, -41, 66, 112, 5, -140, -48, 96, 47, 4, 88, -88, -208, -53, 67, 141, -16, 3, 137, -7, -104, -125, -25, 118, 1, -32, 71, 147, 114, -283, -254, 152, 191, -94, -207, 55, 142, 25, -190, 38, 377, 123, -290, -355]"
"[-12, 4, 0, 15, 4, 0, 23, 54, 19, -177, -287, 253, 537, 89, -282, -440, -10, 327, -133, -269, -122, 1342, 2741, -2383, -6458, -696, 3634, 9411, 11190, -11975, -20762, -1655, 12036, 12510, -2140, -9385, -610, 4217, 957, -1426, -514, 323, 143, -91, 177, 211, -16, -490, -501, 447, 947, 120, -467, -827, -406, 449, 281, 358, 278, -393, -375, 33, 166, 133, -17, -112, -12, 88, -22, -82, 96, 141, -51, -257, -85, 254, 165, -168, -188, 78, 172, 0, -148, -69, 94, 135, -20, -149, -36, 105, 42, 9, 114, -88, -218, -83, 34, 160, -1, 41, 185, -37, -153, -135, 13, 131, -41, -65, 71, 203, 149, -310, -271, 152, 189, -95, -192, 57, 115, 11, -173, 60, 365, 102, -282, -339]"
"[-15, 39, 22, -13, -13, 8, 33, 43, 6, -174, -289, 258, 547, 90, -287, -447, -6, 327, -134, -295, -305, 1336, 3130, -1962, -6365, -1776, 1994, 10075, 13374, -10163, -20692, -4959, 10292, 14130, -1145, -9426, -863, 4140, 1071, -1382, -556, 289, 155, -98, 151, 253, 66, -497, -571, 349, 895, 268, -318, -854, -445, 348, 194, 387, 344, -329, -416, -45, 204, 243, 4, -239, -62, 148, -31, -124, 101, 247, 11, -357, -175, 304, 267, -150, -240, -5, 162, 52, -152, -52, 152, 104, -96, -138, 46, 99, -71, -15, 195, 29, -162, -220, -98, 207, 119, 58, 98, -82, -107, -83, 15, 106, -33, -117, -9, 271, 252, -308, -321, 100, 195, -37, -167, -5, 51, 33, -123, 96, 359, 60, -276, -322]"
"[-2, 2, -6, -4, -16, 10, 41, 63, 30, -192, -322, 228, 534, 142, -256, -460, -14, 344, -81, -342, -515, 1289, 3427, -1506, -6100, -2792, 105, 10572, 15819, -7839, -20422, -8924, 8214, 15873, -299, -9481, -1039, 4371, 1365, -1449, -610, 180, 76, -182, 91, 440, 220, -556, -648, 235, 771, 429, -70, -832, -532, 135, 56, 522, 462, -269, -388, -104, 170, 218, 10, -209, -80, 114, -26, -82, 90, 234, 53, -349, -241, 258, 294, -49, -195, -68, 137, 27, -199, 6, 262, 72, -207, -168, 110, 118, -165, -2, 295, 105, -135, -341, -204, 240, 165, 88, 113, -74, -110, -153, -45, 196, 81, -184, -174, 285, 401, -221, -363, -36, 140, 56, -78, -19, -9, -6, -103, 146, 344, 36, -238, -303]"
"[-11, 26, 11, 9, 9, 8, 35, 24, -14, -168, -278, 251, 518, 102, -252, -441, -35, 327, -60, -320, -672, 1203, 3686, -951, -5679, -3873, -1628, 10725, 17175, -5493, -19250, -11967, 6032, 17038, 882, -9499, -1587, 4303, 1637, -1288, -662, 71, 73, -174, 73, 481, 289, -559, -713, 112, 713, 669, 158, -1034, -816, 163, 231, 620, 412, -335, -349, -119, 95, 230, 63, -200, -97, 144, 57, -177, -89, 257, 163, -269, -269, 210, 331, -14, -191, -142, 45, 85, -57, 13, 124, -6, -94, -69, 4, 13, -105, 96, 268, 66, -74, -326, -259, 163, 134, 194, 204, -127, -211, -169, 8, 279, 131, -262, -259, 280, 447, -164, -354, -88, 93, 59, -62, 39, 32, -50, -141, 141, 367, 49, -255, -327]"
"[3, 28, 17, -16, -21, 3, 37, 60, 13, -192, -318, 253, 551, 121, -287, -465, -10, 367, -21, -364, -961, 961, 3818, 292, -4289, -5633, -4451, 10619, 18664, -2569, -17860, -14996, 3987, 18108, 1994, -9698, -2272, 4295, 1980, -1017, -735, -130, 134, -91, -9, 423, 359, -502, -744, 65, 727, 667, 79, -1004, -666, 213, 135, 458, 401, -166, -285, -238, 11, 308, 151, -203, -114, 96, 31, -159, -91, 232, 150, -210, -237, 179, 314, -13, -218, -131, 141, 128, -140, -141, 121, 187, -57, -219, -10, 161, -53, -78, 143, 192, 72, -346, -348, 91, 144, 246, 183, -114, -124, -169, -77, 212, 187, -183, -315, 189, 437, -50, -275, -123, 44, 22, -28, 78, 4, -118, -150, 216, 387, -8, -286, -280]"
"[-34, 5, 10, 27, 1, -13, 30, 65, 26, -193, -319, 236, 536, 123, -267, -447, -16, 320, -34, -327, -1065, 779, 3703, 1080, -3026, -6509, -6454, 9671, 18789, 534, -15311, -17384, 1453, 18501, 3397, -9561, -3093, 3954, 2169, -560, -638, -316, 85, -68, -16, 444, 373, -499, -698, -6, 502, 743, 378, -847, -723, -95, -8, 608, 493, -144, -281, -273, -6, 323, 184, -232, -203, 119, 189, -130, -245, 91, 175, -19, -140, 62, 189, -12, -140, -55, 113, 21, -172, -9, 205, 96, -118, -157, 78, 90, -170, -82, 175, 252, 96, -329, -298, 32, 69, 233, 182, -76, -107, -160, -88, 215, 249, -180, -389, 108, 423, 55, -209, -137, 25, -28, -56, 119, 32, -134, -167, 223, 377, -10, -236, -261]"
"[-42, 43, 43, 4, -23, -13, 35, 67, 35, -189, -342, 200, 528, 197, -207, -504, -87, 341, 49, -313, -1182, 559, 3474, 1758, -1821, -7086, -8234, 8748, 19213, 3431, -13229, -20310, -1573, 19720, 5758, -9400, -4292, 3105, 2318, 140, -563, -536, 144, 26, -119, 323, 425, -345, -649, -161, 312, 856, 647, -774, -817, -298, -70, 690, 522, -74, -200, -384, -172, 345, 282, -122, -156, 31, 126, -144, -247, 113, 202, 0, -163, 12, 197, 56, -140, -143, 73, 142, -55, -107, 75, 100, -77, -128, 62, 113, -129, -95, 158, 238, 95, -320, -301, 30, 100, 230, 120, -97, -48, -112, -141, 160, 290, -116, -405, 20, 365, 138, -107, -152, -41, -68, -33, 166, 55, -173, -196, 218, 361, -6, -220, -217]"
"[6, 57, 30, -41, -39, 11, 42, 64, 42, -189, -350, 188, 515, 205, -188, -498, -99, 321, 71, -297, -1251, 304, 2999, 2514, -223, -7453, -9996, 7385, 19115, 6317, -10727, -22573, -4539, 20109, 7734, -8684, -5055, 2040, 2134, 859, -252, -723, 23, 69, -88, 297, 441, -305, -625, -264, 164, 947, 800, -723, -800, -368, -133, 596, 427, 57, -46, -374, -241, 282, 323, -101, -224, -18, 151, -17, -161, -10, 83, 24, -107, 39, 154, 46, -88, -84, 121, 51, -149, -100, 107, 110, -109, -72, 160, 81, -200, -164, 102, 315, 185, -292, -313, -36, 79, 249, 124, -106, -34, -92, -182, 99, 312, 21, -326, -119, 233, 157, -39, -66, -34, -147, -56, 224, 110, -224, -282, 225, 412, 26, -229, -230]"
"[-54, -2, 25, 33, -12, -19, 31, 77, 48, -195, -353, 198, 536, 194, -225, -508, -73, 352, 82, -318, -1257, 170, 2668, 2846, 612, -7472, -10598, 6611, 18551, 7272, -9417, -22682, -5555, 19626, 8410, -8162, -5335, 1403, 1918, 1300, -9, -827, -50, 101, -89, 227, 414, -213, -538, -302, 67, 884, 803, -599, -697, -422, -210, 537, 406, 121, 28, -386, -333, 223, 347, 20, -157, -78, 127, -32, -181, -44, 52, 84, -51, 12, 116, 52, -42, -95, 40, 31, -107, -51, 101, 140, -17, -168, 10, 104, -113, -125, 75, 302, 208, -304, -350, -13, 133, 258, 99, -159, -55, -43, -147, 71, 285, 27, -329, -134, 218, 228, 44, -153, -167, -129, 30, 292, 118, -297, -307, 247, 403, -3, -233, -170]"
"[-25, 29, 35, 21, -9, -42, 2, 89, 51, -187, -324, 210, 529, 138, -267, -462, -21, 338, 31, -326, -1211, 60, 2207, 3178, 1546, -7348, -10838, 6285, 18643, 6278, -10998, -21491, -3875, 20032, 8145, -8949, -5547, 1455, 1875, 1504, 123, -933, -130, 162, -18, 154, 322, -174, -450, -284, 15, 821, 794, -514, -635, -484, -276, 566, 428, 98, 17, -316, -276, 169, 312, 15, -163, -87, 106, -13, -145, -10, 73, 25, -114, 35, 178, 58, -136, -130, 130, 177, -59, -231, 7, 160, -95, -119, 155, 200, -126, -285, -4, 357, 253, -262, -330, -71, 78, 290, 168, -162, -118, -64, -94, 105, 257, -34, -368, -58, 330, 211, -40, -228, -171, -48, 75, 261, 61, -302, -265, 284, 395, -30, -216, -167]"
"[-14, -7, -2, 14, 1, -9, 25, 63, 1, -192, -284, 272, 533, 57, -299, -408, -6, 323, 81, -295, -1194, -184, 1591, 3520, 2543, -6973, -10943, 5820, 18807, 5183, -12921, -20139, -1535, 20133, 6801, -9779, -5109, 2199, 1925, 1131, 48, -850, -139, 107, -3, 250, 339, -287, -518, -169, 145, 751, 677, -555, -643, -377, -167, 514, 331, 85, 72, -295, -291, 153, 301, -13, -198, -29, 164, -20, -160, -27, 53, 8, -107, 98, 216, 10, -135, -110, 110, 84, -111, -129, 23, 133, 0, -41, 97, 15, -171, -140, 41, 333, 302, -295, -428, -86, 132, 319, 138, -144, -68, -94, -117, 126, 244, -78, -343, 14, 332, 107, -94, -155, -133, -50, 84, 245, 49, -287, -269, 250, 400, 25, -206, -231]"
"[-24, -1, 8, 37, 13, -29, 5, 62, 23, -176, -292, 238, 521, 87, -289, -412, 11, 323, 74, -295, -1059, -379, 754, 3677, 3645, -6129, -10783, 4817, 18457, 4400, -14325, -18820, 489, 20079, 5530, -10475, -4660, 2952, 2045, 704, -141, -783, -62, 150, 11, 177, 257, -270, -513, -87, 313, 714, 487, -720, -657, -118, 5, 394, 246, 40, 0, -286, -214, 240, 302, -96, -246, -21, 173, 24, -122, -19, 55, -65, -165, 167, 291, -29, -181, -122, 57, 71, -91, 7, 170, 58, -90, -185, -32, 145, -43, -91, 80, 278, 211, -365, -417, 37, 172, 282, 165, -178, -182, -105, -30, 221, 213, -175, -327, 106, 350, -4, -190, -43, 28, -76, -16, 166, 31, -221, -223, 257, 390, -11, -239, -211]"
"[-48, 38, 42, 20, -8, -29, 21, 72, 26, -202, -327, 241, 547, 134, -272, -475, -32, 355, 104, -265, -898, -549, -37, 3669, 4575, -5132, -10559, 3606, 17907, 4126, -15088, -17829, 1935, 19820, 4437, -10829, -4179, 3538, 2128, 268, -335, -649, 56, 74, -134, 234, 393, -261, -609, -70, 455, 680, 374, -783, -684, -29, 92, 389, 230, -11, -80, -272, -122, 295, 256, -168, -207, 23, 94, -23, -18, 81, -16, -212, -148, 297, 316, -115, -259, -99, 142, 144, -130, -105, 188, 150, -137, -230, 54, 194, -62, -154, 23, 207, 171, -195, -316, -44, 158, 282, 131, -218, -204, -60, 26, 251, 208, -241, -350, 130, 359, -2, -181, -56, 4, -92, -25, 204, 81, -226, -288, 208, 433, 96, -211, -321]"
"[23, 24, -3, -34, -21, 22, 45, 47, -1, -178, -270, 229, 488, 99, -245, -420, -26, 319, 105, -250, -783, -644, -618, 3541, 5076, -4193, -10000, 2879, 17484, 3166, -16347, -16366, 3839, 19415, 3126, -11149, -3584, 4055, 2077, -110, -419, -519, 102, 49, -122, 207, 324, -286, -606, 44, 578, 592, 240, -825, -646, 18, 13, 416, 380, 33, -137, -389, -161, 344, 281, -139, -192, -12, 60, -13, 8, 110, 10, -257, -205, 303, 342, -85, -239, -105, 141, 125, -133, -129, 101, 197, 24, -209, -70, 82, -43, -24, 87, 146, 83, -214, -233, 55, 145, 152, 100, -157, -223, -64, 79, 269, 158, -251, -271, 125, 247, -25, -103, 24, 17, -171, -75, 201, 66, -170, -214, 202, 395, 47, -223, -288]"
"[-42, 5, 27, 24, -15, -21, 23, 62, 28, -162, -284, 189, 472, 134, -236, -424, -27, 325, 123, -222, -612, -756, -1227, 3256, 5254, -3086, -8851, 2540, 16917, 1131, -18230, -13980, 6388, 18794, 1627, -11483, -2946, 4510, 1992, -473, -531, -391, 193, 38, -182, 158, 312, -243, -594, 118, 693, 465, 40, -820, -543, 155, 66, 275, 238, 74, -13, -309, -194, 217, 252, -54, -174, -61, 57, 41, 8, 55, 5, -185, -137, 246, 250, -119, -208, -29, 136, 48, -154, -3, 204, 78, -90, -206, -62, 156, 28, -63, 38, 97, 36, -142, -132, 25, 43, 137, 158, -101, -208, -108, 57, 244, 118, -213, -190, 148, 230, -115, -176, 80, 98, -150, -125, 151, 86, -114, -210, 163, 403, 76, -218, -342]"
"[-42, 28, 48, 10, -39, -26, 40, 95, 31, -219, -320, 245, 534, 104, -290, -423, 19, 341, 98, -238, -419, -777, -1776, 2829, 5353, -1872, -7919, 1730, 16110, 612, -18494, -13008, 7152, 18336, 1092, -11424, -2644, 4546, 1836, -572, -479, -307, 165, 1, -150, 172, 263, -248, -538, 168, 737, 389, -78, -896, -560, 355, 222, 169, 108, 48, 31, -239, -161, 171, 169, -73, -116, 32, 64, -20, 43, 42, -74, -212, -125, 299, 287, -121, -227, -77, 101, 109, -99, -43, 193, 108, -116, -263, -28, 211, -15, -94, 88, 132, 21, -186, -158, 31, 31, 184, 252, -125, -333, -160, 137, 361, 135, -321, -276, 161, 282, -25, -155, -5, 89, -147, -205, 153, 180, -41, -233, 80, 407, 115, -235, -356]"
"[-26, -8, 16, 26, -12, -28, 26, 79, 10, -190, -261, 262, 523, 29, -344, -392, 48, 353, 91, -226, -259, -785, -2123, 2390, 5197, -886, -6959, 984, 14807, 544, -17606, -12086, 7185, 17398, 773, -11111, -2473, 4466, 1691, -557, -426, -263, 200, -3, -186, 119, 260, -193, -534, 154, 786, 406, -130, -964, -599, 410, 280, 250, 173, -85, -87, -216, -124, 215, 205, -112, -182, 35, 104, -4, 32, 59, -33, -260, -221, 307, 364, -56, -228, -123, 107, 74, -145, -21, 199, 118, -105, -240, 5, 205, -37, -135, 66, 167, 39, -167, -110, 15, -31, 122, 236, -22, -225, -217, 32, 295, 101, -229, -175, 179, 241, -100, -149, 33, 67, -160, -185, 192, 203, -73, -260, 58, 392, 142, -225, -357]"
"[-15, 2, 4, 19, 1, -9, 35, 55, -12, -194, -257, 282, 535, 13, -354, -381, 53, 345, 82, -199, -96, -775, -2383, 1931, 4981, -122, -6742, 587, 15162, 1377, -17273, -13522, 6149, 17864, 1139, -10663, -2214, 4191, 1449, -596, -349, -163, 203, -28, -142, 73, 143, -206, -477, 253, 813, 318, -164, -908, -560, 348, 240, 294, 188, -117, -106, -199, -134, 260, 298, -141, -273, -16, 126, 50, 5, 64, 31, -261, -268, 265, 363, 14, -188, -206, 22, 184, 45, -99, -43, 23, 7, 14, 76, -17, -158, -72, 95, 201, 83, -171, -131, -28, -41, 142, 223, 3, -158, -231, -40, 261, 138, -181, -191, 144, 246, -76, -140, 1, 20, -118, -84, 184, 116, -150, -263, 154, 428, 102, -244, -349]"
"[-31, 39, 48, -14, -39, -12, 32, 73, 32, -172, -279, 207, 493, 89, -283, -393, 27, 312, 52, -170, 88, -718, -2614, 1412, 4781, 708, -6679, -387, 14879, 3648, -15110, -15908, 3668, 18195, 2056, -10147, -2395, 4027, 1527, -510, -331, -240, 155, -21, -135, 121, 218, -262, -589, 245, 841, 354, -144, -836, -483, 219, 88, 342, 299, -44, -76, -300, -239, 251, 320, -37, -201, -82, 80, 48, -16, 40, 58, -165, -228, 160, 284, 44, -143, -166, 16, 94, -49, 28, 144, 12, -66, -117, -25, 48, -67, -9, 79, 105, 46, -92, -79, -41, -21, 117, 164, -29, -151, -178, -36, 264, 200, -178, -262, 96, 300, -26, -185, -46, 28, -82, -95, 196, 170, -145, -297, 85, 395, 185, -153, -384]"
"[-1, 13, 4, -12, -15, 6, 39, 54, -1, -190, -272, 253, 513, 72, -284, -415, -2, 335, 104, -188, 35, -714, -2529, 1354, 4667, 772, -6841, -860, 14510, 5318, -13094, -17573, 1358, 18331, 3172, -9565, -2673, 3709, 1560, -440, -313, -250, 124, 5, -100, 94, 196, -243, -550, 234, 777, 284, -205, -700, -302, 243, 15, 141, 215, 96, -15, -295, -204, 229, 292, -78, -226, -40, 92, 63, 41, 18, -1, -186, -215, 170, 282, 67, -146, -205, 24, 167, -42, -80, 118, 121, -56, -210, -24, 152, -22, -88, 51, 114, 29, -127, -123, 8, 32, 155, 187, -69, -180, -195, -42, 292, 221, -185, -262, 39, 202, 31, -60, 0, -33, -185, -88, 298, 194, -237, -339, 166, 455, 120, -223, -349]"
"[-18, -2, -16, 15, 26, 22, 36, 15, -22, -162, -238, 247, 485, 45, -285, -371, 20, 297, 45, -139, 311, -604, -2683, 481, 3854, 1909, -5817, -1498, 13615, 6305, -11492, -18466, -81, 18250, 3779, -9229, -2842, 3499, 1511, -364, -260, -211, 140, -10, -111, 44, 172, -197, -519, 219, 726, 258, -179, -613, -259, 179, -32, 136, 254, 117, -65, -344, -201, 297, 323, -112, -257, -28, 102, 63, 68, 40, -22, -239, -226, 199, 275, 57, -124, -171, 33, 111, -72, -67, 96, 164, 43, -223, -131, 91, 23, 6, 52, 76, 70, -125, -155, -49, -35, 179, 233, 25, -109, -300, -169, 311, 307, -130, -288, 20, 271, -4, -169, -26, 1, -99, -38, 245, 158, -246, -363, 159, 468, 202, -162, -421]"
"[-11, 7, 14, 10, -9, -16, 38, 57, -30, -180, -203, 295, 500, -46, -358, -322, 80, 295, -19, -141, 494, -385, -2490, -340, 2734, 2574, -4799, -1580, 12744, 6861, -9915, -18984, -1528, 18039, 4600, -8817, -3130, 3090, 1386, -185, -140, -148, 127, -55, -97, 27, 152, -188, -540, 196, 717, 323, -110, -635, -313, 127, -35, 206, 321, 76, -160, -372, -141, 383, 313, -205, -297, 53, 174, 5, -36, 62, 80, -172, -249, 78, 258, 172, -81, -274, -17, 172, -30, -125, -6, 187, 121, -129, -69, 6, -43, -39, 23, 123, 93, -104, -155, -64, -27, 201, 241, 8, -80, -315, -243, 282, 352, -55, -292, -59, 240, 71, -102, -67, -58, -121, -33, 294, 197, -273, -404, 134, 446, 233, -128, -376]"
"[23, 17, -8, -24, -10, 17, 45, 39, -41, -173, -196, 291, 498, -30, -345, -364, 36, 345, 43, -153, 497, -328, -2311, -607, 2287, 2699, -4694, -1997, 12001, 8573, -7457, -20584, -4227, 18274, 6401, -8282, -3866, 2328, 1343, 232, -38, -218, 60, 34, 57, 3, 88, -297, -630, 231, 761, 442, -5, -728, -429, 78, -52, 319, 426, 61, -193, -457, -214, 423, 397, -162, -349, -20, 219, 60, -98, -1, 91, -77, -174, 7, 126, 190, 42, -219, -65, 133, 37, -148, -102, 149, 125, -72, -62, 29, 5, -57, 0, 101, 70, -123, -156, 7, 34, 128, 149, 0, -64, -224, -170, 227, 293, -61, -279, -70, 203, 104, -54, -66, -74, -128, -33, 282, 194, -248, -374, 101, 377, 222, -94, -308]"
"[-23, -18, -10, 30, 16, -5, 27, 44, -12, -176, -234, 263, 501, 16, -323, -363, 52, 320, -8, -164, 539, -119, -1911, -1094, 1465, 2845, -4330, -2472, 10712, 10577, -4091, -22080, -7406, 17960, 8184, -7412, -4517, 1471, 1212, 677, 128, -263, 2, 57, 90, 2, 130, -271, -663, 68, 598, 654, 278, -724, -552, -138, -141, 501, 560, 24, -247, -507, -249, 468, 442, -136, -315, -62, 157, 32, -93, 65, 134, -114, -213, 9, 130, 182, 46, -197, -94, 109, 93, -71, -101, 30, 74, 3, -22, 14, 3, -85, -51, 154, 198, -141, -272, -87, 14, 260, 225, -22, -70, -239, -177, 184, 243, -7, -192, -63, 161, 53, -31, -61, -140, -131, 0, 327, 228, -258, -393, 50, 337, 265, -54, -294]"
"[-27, -11, 2, 35, 9, -16, 32, 53, -8, -181, -227, 272, 499, -14, -341, -347, 48, 320, 6, -144, 551, -61, -1684, -1306, 962, 2841, -3968, -2492, 9866, 11098, -2431, -22183, -8774, 17372, 8905, -6812, -4720, 1022, 1062, 791, 206, -156, -19, 20, 179, 41, 85, -347, -660, 57, 535, 725, 378, -745, -607, -166, -118, 534, 514, -6, -161, -435, -310, 335, 426, -4, -257, -133, 131, 48, -131, 29, 158, -28, -193, -62, 114, 209, 50, -180, -44, 52, -28, -54, -7, 98, 64, -65, -20, 52, 3, -164, -143, 233, 281, -108, -265, -85, 137, 203, 37, -174, -80, -7, -87, 80, 196, 53, -138, -128, 91, 103, 53, -78, -205, -163, 9, 378, 265, -269, -403, 20, 304, 264, -48, -229]"
"[27, 35, 8, -31, -29, 9, 50, 52, -18, -179, -223, 260, 486, 2, -326, -352, 51, 309, -50, -158, 567, 68, -1486, -1429, 620, 2678, -3792, -1836, 10378, 10111, -3572, -21814, -8226, 17819, 9162, -6991, -4850, 794, 953, 864, 256, -95, -34, -8, 213, 72, 91, -397, -694, 50, 508, 759, 417, -731, -605, -179, -118, 504, 473, 35, -97, -437, -340, 306, 411, 3, -241, -111, 136, 38, -115, 17, 137, -46, -220, -42, 142, 232, 54, -212, -63, 76, 24, -70, -92, 56, 104, 54, 26, -65, -64, -114, -113, 196, 241, -55, -184, -115, 57, 170, 58, -101, -42, -47, -126, 83, 239, 30, -237, -108, 201, 144, -1, -140, -175, -116, -3, 313, 230, -210, -359, -1, 267, 257, -35, -215]"
"[-5, -18, -9, 25, 5, -17, 21, 62, -19, -160, -179, 268, 466, -49, -347, -313, 73, 307, -45, -166, 511, 129, -1199, -1479, 115, 2364, -3447, -699, 11305, 8115, -6214, -20611, -5840, 18396, 8270, -7926, -4701, 1216, 964, 733, 228, -53, 1, -47, 174, 96, 108, -420, -708, 98, 580, 704, 324, -762, -610, -108, -63, 521, 493, -31, -157, -441, -325, 348, 411, -26, -238, -65, 145, -24, -153, 92, 211, -100, -293, -39, 190, 269, 34, -273, -72, 134, 35, -101, -86, 74, 76, 39, 67, -26, -82, -162, -102, 246, 259, -113, -235, -99, 53, 189, 79, -69, -6, -71, -138, 62, 214, 14, -260, -55, 255, 131, -33, -149, -148, -116, -32, 307, 240, -199, -338, 5, 240, 215, -41, -163]"
"[-21, 8, 16, 13, -6, 4, 45, 13, -82, -121, -97, 293, 444, -131, -392, -265, 116, 313, -63, -183, 465, 214, -879, -1541, -445, 2011, -3139, 533, 12399, 6089, -9026, -19387, -3145, 18799, 6870, -8853, -4308, 1891, 1065, 492, 123, -72, 49, -12, 141, 49, 96, -377, -670, 124, 603, 607, 203, -709, -513, -45, -50, 441, 444, -38, -181, -390, -242, 346, 365, -84, -248, -15, 177, -56, -181, 111, 229, -121, -330, -7, 257, 278, 12, -342, -124, 187, 104, -111, -140, 71, 127, 43, 27, -53, -79, -131, -70, 242, 222, -155, -233, -36, 49, 158, 128, -19, -33, -172, -162, 145, 243, -28, -277, -29, 271, 96, -88, -115, -69, -86, -38, 231, 177, -180, -319, 30, 252, 244, -1, -219]"
"[-9, 20, 24, -7, -37, 3, 78, 56, -55, -186, -171, 296, 470, -61, -343, -308, 66, 296, -57, -150, 431, 241, -668, -1501, -749, 1655, -2997, 1530, 13278, 4362, -11226, -18163, -1035, 18669, 5509, -9103, -3626, 2345, 1041, 135, -12, 9, 141, -37, 34, 28, 161, -291, -663, 84, 669, 549, 40, -731, -439, 79, -12, 383, 447, -55, -233, -396, -206, 358, 295, -64, -125, 23, 114, -170, -209, 180, 217, -116, -256, 34, 236, 155, -68, -236, 9, 152, -31, -162, -66, 177, 99, -52, 40, 11, -91, -159, -40, 237, 165, -156, -175, -20, -11, 144, 206, 20, -73, -270, -193, 225, 266, -69, -300, 28, 331, 68, -124, -126, -58, -114, -104, 257, 234, -129, -302, -18, 253, 247, -35, -257]"
"[6, 9, 9, -2, -20, -19, 28, 78, 7, -174, -226, 245, 474, 19, -303, -350, 44, 299, -70, -171, 387, 326, -426, -1518, -1065, 1342, -2922, 2330, 13987, 3163, -12751, -17406, 261, 18605, 4729, -9145, -3171, 2543, 1006, -109, -87, 95, 158, -102, 17, 95, 170, -351, -672, 161, 701, 483, -2, -722, -438, 128, 37, 341, 406, -81, -278, -344, -120, 378, 275, -121, -147, 27, 89, -156, -172, 226, 243, -178, -307, 62, 291, 151, -108, -260, -6, 171, -13, -132, -52, 178, 137, -122, -95, 68, 42, -119, -77, 189, 190, -173, -247, -14, 59, 174, 167, -26, -79, -244, -187, 241, 285, -65, -287, 6, 314, 52, -149, -108, -17, -96, -119, 217, 228, -103, -313, -18, 309, 277, -57, -340]"
"[-9, -35, -18, 26, 11, 8, 49, 24, -63, -163, -163, 308, 475, -84, -369, -282, 94, 295, -66, -184, 283, 343, -130, -1384, -1355, 862, -2841, 3153, 14442, 1949, -14026, -16442, 1496, 18465, 4128, -9255, -2895, 2630, 950, -250, -179, 163, 239, -61, 18, 25, 125, -326, -638, 172, 687, 462, 1, -710, -457, 125, 86, 362, 360, -143, -265, -270, -105, 325, 253, -103, -133, 32, 81, -178, -163, 275, 255, -254, -342, 121, 327, 103, -181, -223, 97, 199, -69, -218, -50, 234, 146, -117, -68, 2, -40, -56, 19, 172, 116, -195, -196, 28, 37, 126, 163, 2, -97, -232, -113, 262, 230, -175, -307, 122, 358, -17, -172, -63, 17, -145, -189, 211, 244, -20, -245, -65, 264, 237, -83, -306]"
"[-40, 1, 13, 22, 5, -9, 19, 36, -16, -130, -169, 238, 442, -34, -326, -314, 50, 310, -37, -184, 184, 379, 184, -1262, -1696, 340, -2700, 4145, 14992, 469, -15566, -15387, 2931, 18477, 3520, -9582, -2724, 2800, 923, -317, -154, 176, 201, -105, 11, 66, 137, -321, -636, 163, 695, 461, -31, -704, -390, 138, 51, 285, 293, -77, -188, -249, -115, 287, 235, -87, -98, 17, 9, -185, -107, 337, 279, -334, -423, 145, 397, 147, -182, -286, 46, 195, -69, -138, 19, 183, 97, -120, -67, -1, -54, -24, 71, 181, 102, -258, -235, 79, 81, 128, 157, -41, -139, -197, -58, 263, 193, -209, -325, 185, 429, -43, -225, -85, 45, -113, -192, 168, 205, -2, -224, -25, 309, 196, -144, -324]"
"[-45, 39, 40, 5, -23, -16, 40, 50, -38, -156, -170, 283, 472, -75, -384, -290, 119, 332, -52, -247, 63, 421, 480, -1071, -1857, -197, -2786, 4604, 14877, 163, -15363, -14838, 3033, 17917, 3258, -9345, -2540, 2857, 922, -470, -231, 234, 206, -102, 58, 100, 118, -377, -628, 183, 676, 469, 23, -723, -471, 123, 99, 336, 277, -111, -178, -235, -112, 281, 234, -95, -104, 7, 1, -157, -84, 312, 236, -311, -361, 167, 356, 73, -190, -190, 85, 119, -103, -73, 73, 113, 18, -108, -36, 50, -34, -82, 21, 229, 157, -262, -245, 51, 61, 134, 164, -20, -115, -210, -86, 249, 219, -170, -316, 108, 369, 9, -205, -97, 46, -64, -156, 129, 182, -17, -231, -2, 315, 187, -138, -317]"
"[16, 34, 8, -37, -27, 24, 62, 34, -53, -161, -170, 284, 465, -53, -334, -306, 64, 304, -37, -220, -23, 423, 745, -865, -1867, -757, -3350, 4680, 14938, 1211, -14052, -15770, 1546, 17566, 3727, -8503, -2385, 2503, 842, -530, -309, 334, 319, -153, -59, 89, 158, -300, -579, 142, 606, 441, 56, -642, -432, 66, 72, 292, 200, -46, -77, -208, -136, 213, 211, -61, -90, -13, -24, -110, 0, 269, 133, -328, -317, 209, 354, 78, -176, -244, 40, 205, -11, -156, -27, 144, 74, -81, -12, -3, -136, -51, 148, 248, 59, -326, -212, 124, 78, 87, 128, -10, -97, -202, -73, 247, 172, -196, -283, 178, 395, -34, -211, -128, 4, -41, -143, 128, 178, 28, -181, -37, 277, 156, -164, -286]"
"[-16, -11, -1, 31, 8, -27, 17, 61, -9, -168, -214, 271, 492, -21, -348, -347, 55, 335, -19, -227, -111, 387, 896, -569, -1677, -1282, -3902, 4600, 14723, 2143, -12749, -16229, 505, 17015, 3906, -7889, -2281, 2300, 811, -504, -322, 298, 278, -123, -4, 123, 143, -328, -530, 109, 493, 439, 124, -574, -414, 11, 20, 280, 207, 20, -21, -234, -171, 179, 223, -31, -100, -39, -1, -99, -47, 225, 146, -256, -305, 157, 323, 118, -113, -234, 1, 108, -66, -27, 79, 114, 82, -129, -112, -49, -112, 63, 171, 189, 60, -281, -194, 68, 38, 119, 168, -7, -104, -241, -149, 292, 333, -164, -422, 21, 396, 142, -138, -186, -28, -63, -134, 150, 168, -2, -176, -8, 260, 136, -119, -251]"
"[-29, 22, 40, 7, -28, -21, 35, 69, -2, -168, -215, 241, 465, 8, -314, -345, 43, 324, -11, -239, -181, 375, 974, -399, -1487, -1545, -4512, 4424, 15144, 3311, -12060, -17670, -622, 17383, 4214, -7629, -2168, 2358, 861, -641, -345, 313, 219, -166, 20, 193, 167, -342, -509, 76, 412, 418, 182, -475, -416, -91, -19, 324, 238, 58, 10, -288, -216, 187, 244, -7, -107, -81, -20, -47, -40, 180, 141, -175, -246, 73, 250, 142, -60, -257, -88, 135, 32, -8, 40, 71, 78, -117, -103, -47, -119, 78, 206, 158, -2, -271, -142, 74, -7, 111, 183, 28, -64, -256, -167, 259, 319, -168, -458, 38, 454, 185, -146, -272, -82, -3, -87, 157, 162, -17, -187, 9, 307, 116, -188, -267]"
"[22, 13, -14, -21, -11, 22, 51, 36, -52, -170, -174, 303, 471, -73, -351, -289, 81, 300, -34, -228, -177, 353, 966, -308, -1341, -1633, -4648, 4145, 14693, 3788, -11221, -17588, -1044, 16830, 4154, -7259, -2073, 2353, 921, -740, -407, 371, 251, -248, -46, 259, 217, -341, -492, 56, 354, 376, 183, -395, -378, -103, -6, 275, 160, 96, 93, -275, -251, 148, 259, 7, -144, -94, 22, 2, -41, 120, 116, -146, -208, 84, 209, 97, -19, -180, -106, 10, -36, 129, 159, 16, -16, -125, -45, -18, -144, 45, 191, 185, 61, -254, -175, -14, -68, 177, 262, 63, -65, -335, -223, 289, 345, -131, -420, 12, 397, 160, -117, -214, -82, -63, -88, 216, 192, -113, -297, 84, 440, 132, -248, -349]"
"[-1, -11, -9, 11, -3, 3, 41, 43, -32, -161, -182, 265, 458, -37, -331, -308, 64, 303, -20, -223, -280, 229, 964, 288, -621, -2358, -5609, 3940, 14524, 4602, -10107, -17612, -1776, 15961, 4083, -6482, -1783, 2194, 916, -887, -561, 420, 336, -216, -69, 218, 198, -286, -405, 18, 253, 327, 194, -291, -300, -150, -86, 229, 171, 183, 132, -311, -264, 149, 293, -2, -217, -177, -10, 187, 138, 0, -64, -162, -97, 119, 96, 71, 59, -99, -88, -52, -63, 146, 207, -40, -148, -120, 36, 102, -99, -51, 152, 175, 19, -229, -140, 24, -10, 139, 157, 7, -29, -212, -198, 205, 354, -95, -458, -57, 394, 252, -72, -257, -114, -54, -40, 191, 95, -105, -203, 135, 410, 49, -294, -282]"
"[-33, -5, 10, 36, 14, -20, 32, 38, -54, -162, -167, 291, 458, -58, -327, -299, 60, 302, 12, -220, -355, 82, 819, 752, 135, -2746, -6572, 3218, 14089, 6552, -7743, -18905, -4117, 15541, 5124, -5558, -2041, 1649, 953, -674, -605, 347, 368, -141, -45, 183, 188, -299, -424, -5, 221, 395, 305, -318, -388, -212, -67, 290, 172, 150, 125, -286, -252, 134, 288, 2, -246, -172, 69, 223, 55, -103, -17, -30, -115, 2, 95, 153, 56, -151, -84, -20, -73, 128, 220, -16, -139, -149, 17, 104, -131, -48, 209, 222, 10, -301, -143, 26, -77, 158, 243, 69, -19, -323, -298, 246, 425, 2, -369, -209, 196, 285, 55, -173, -144, -130, -41, 237, 130, -135, -246, 111, 393, 91, -244, -274]"
"[-20, 18, 30, 17, -4, -24, 16, 52, -6, -159, -209, 245, 460, -1, -301, -325, 45, 285, -19, -189, -297, 41, 713, 825, 404, -2773, -7020, 2701, 13927, 8021, -6391, -20400, -5786, 16273, 6499, -5729, -2911, 1315, 1153, -257, -579, 176, 367, -70, -64, 143, 213, -237, -417, -84, 221, 459, 288, -402, -405, -122, -44, 232, 126, 190, 178, -264, -235, 83, 260, 5, -260, -192, 69, 290, 95, -186, -109, 15, -23, 56, 84, 51, 2, -90, -48, 19, 10, 51, 63, -13, 16, -92, -135, -9, -33, 108, 178, 101, 18, -227, -139, 7, -55, 149, 201, 43, -7, -261, -286, 174, 375, 110, -225, -303, 22, 269, 141, -79, -134, -188, -42, 246, 114, -182, -279, 186, 456, 35, -327, -247]"
"[10, 28, 20, -33, -38, 2, 59, 68, -24, -197, -237, 274, 493, 21, -302, -368, 23, 325, 45, -215, -379, -79, 542, 1199, 1074, -3002, -7669, 2169, 13627, 9093, -5233, -21130, -6951, 16565, 7473, -5791, -3490, 981, 1172, 95, -480, 65, 332, -21, -32, 117, 193, -209, -393, -145, 162, 565, 401, -490, -526, -101, 38, 256, 79, 190, 258, -283, -345, 61, 324, 68, -265, -238, 57, 281, 62, -142, -52, 22, 1, 3, -12, 58, 102, -58, -111, -56, 3, 133, 72, -98, -51, 80, 72, -98, -156, 49, 189, 111, -14, -212, -133, 11, -31, 157, 176, 5, -26, -218, -243, 190, 376, 35, -309, -232, 139, 280, 84, -149, -144, -160, -67, 280, 190, -167, -289, 96, 356, 95, -212, -215]"
"[12, -21, -28, -12, -12, 43, 83, 21, -68, -170, -182, 271, 458, -14, -305, -329, 43, 290, 12, -194, -373, -131, 448, 1352, 1280, -3132, -7790, 2462, 14038, 8438, -6093, -20836, -6497, 16929, 7696, -6043, -3753, 828, 1228, 310, -488, -92, 313, 101, -22, 66, 247, -144, -425, -319, 80, 768, 545, -599, -622, -89, 72, 249, 39, 225, 339, -300, -401, 27, 315, 87, -241, -220, 10, 251, 127, -57, -46, -115, -91, 100, 99, 31, -17, -51, 26, 25, -12, -54, -36, 19, 33, 17, -21, -23, -49, 12, 91, 126, 80, -173, -144, -62, -70, 159, 158, 51, 39, -215, -299, 149, 431, 90, -345, -317, 117, 356, 116, -167, -121, -157, -84, 250, 180, -191, -327, 143, 404, 95, -237, -235]"
"[-27, 6, 23, 17, -17, -18, 37, 65, -22, -172, -191, 270, 460, -42, -333, -300, 67, 288, 9, -186, -347, -177, 346, 1402, 1330, -3154, -7597, 2953, 14414, 6938, -7798, -19468, -4697, 16818, 6891, -6456, -3576, 1051, 1224, 262, -503, -98, 351, 113, -75, 29, 288, -80, -415, -404, 1, 814, 620, -581, -656, -125, 69, 309, 113, 173, 255, -323, -388, 89, 375, 43, -353, -237, 118, 356, 90, -216, -107, 14, -8, 75, 81, -10, -62, -70, 2, 124, 91, -95, -75, 1, 22, -23, -89, 42, 66, 52, 54, 2, 38, -92, -117, -95, -90, 206, 225, 2, -57, -225, -235, 210, 405, 24, -339, -234, 176, 283, 39, -199, -145, -70, -9, 220, 131, -184, -272, 134, 354, 77, -197, -210]"
"[-21, 30, 35, -10, -36, -18, 37, 80, -10, -173, -187, 265, 450, -61, -343, -273, 93, 285, -2, -191, -311, -240, 107, 1543, 1765, -3150, -7867, 2937, 14697, 6491, -8509, -18800, -3746, 16323, 5902, -6314, -2938, 1390, 1175, -108, -639, -2, 410, 122, -87, 35, 297, -113, -446, -315, 158, 702, 374, -633, -560, 61, 100, 238, 160, 135, 140, -325, -288, 126, 290, -34, -339, -122, 168, 301, 68, -214, -90, 5, -62, 46, 102, 120, 61, -197, -154, 95, 111, -10, -55, 32, 105, -90, -201, 24, 127, 97, 16, -29, 65, -62, -148, -91, -31, 209, 200, -27, -76, -229, -212, 246, 387, -28, -357, -200, 182, 313, 82, -221, -172, -93, -27, 248, 179, -189, -324, 105, 373, 128, -185, -250]"
"[7, -4, -6, -19, -32, 30, 82, 48, -64, -189, -167, 303, 463, -68, -335, -294, 56, 291, 25, -172, -311, -301, -36, 1644, 1972, -3159, -7927, 3319, 15443, 5293, -10396, -17944, -2036, 16435, 4974, -6635, -2511, 1712, 1136, -346, -673, 71, 417, 77, -100, 49, 288, -141, -468, -196, 307, 537, 139, -585, -426, 131, 82, 224, 211, 63, 21, -271, -173, 135, 203, -82, -299, -15, 212, 182, -13, -129, 4, -41, -133, 45, 141, 111, 0, -180, -70, 104, 35, -70, -32, 104, 81, -109, -114, 46, 34, 24, 40, 74, 136, -128, -243, -130, -22, 300, 270, -58, -148, -261, -164, 301, 391, -105, -438, -143, 310, 309, -46, -267, -79, -7, -34, 161, 123, -166, -287, 144, 387, 99, -198, -273]"
"[29, -3, -20, -39, -35, 39, 68, 49, -40, -159, -162, 254, 434, -45, -323, -292, 74, 289, -3, -183, -246, -317, -216, 1664, 2235, -3094, -8119, 3254, 15633, 5118, -10794, -17581, -1466, 16111, 4386, -6524, -2147, 1875, 1083, -552, -710, 185, 463, -14, -165, 99, 337, -170, -528, -143, 424, 503, 30, -653, -459, 241, 224, 230, 146, -67, -20, -200, -161, 140, 209, -77, -278, -21, 155, 176, 79, -80, -56, -154, -162, 159, 228, 75, -52, -214, -97, 108, 11, 36, 148, 46, -73, -220, -106, 171, 87, -38, -25, 83, 164, -114, -246, -103, 26, 258, 203, -77, -127, -203, -146, 265, 390, -89, -448, -201, 260, 376, 17, -242, -49, -71, -106, 162, 140, -140, -277, 156, 403, 74, -232, -266]"
"[-40, 8, 16, 23, -5, -14, 31, 52, -9, -152, -196, 235, 444, -18, -326, -294, 91, 299, 6, -206, -257, -361, -343, 1749, 2392, -3099, -8090, 3605, 16064, 4065, -12017, -16745, -434, 15951, 3855, -6453, -1774, 1865, 916, -684, -705, 269, 443, -22, -120, 107, 281, -188, -476, -65, 482, 356, -161, -576, -259, 317, 145, 71, 103, 33, 7, -198, -128, 127, 150, -94, -233, 71, 225, 61, -41, -89, -40, -79, -96, 156, 185, 1, -76, -140, -37, 109, 0, -43, 66, 131, 63, -232, -215, 108, 134, 31, -40, 52, 166, -129, -273, -58, 73, 265, 226, -132, -201, -189, -79, 275, 303, -139, -426, -61, 380, 277, -115, -287, -25, 14, -70, 132, 113, -155, -267, 179, 415, 46, -269, -266]"
"[-15, 32, 22, -11, -23, -5, 42, 63, -12, -174, -212, 259, 477, -19, -330, -315, 68, 284, -10, -140, -157, -449, -649, 1807, 2720, -2895, -7920, 3696, 16225, 2920, -13235, -15739, 575, 15906, 3602, -6526, -1728, 1780, 905, -616, -711, 222, 471, 14, -140, 73, 289, -183, -515, -66, 513, 437, -79, -658, -366, 263, 123, 171, 194, 50, -9, -322, -205, 234, 242, -134, -291, 54, 222, 113, 15, -102, -51, -108, -127, 135, 191, 30, -102, -133, 22, 104, -35, -38, 79, 49, -30, -93, -46, 56, 9, -41, -7, 189, 212, -256, -351, 30, 165, 225, 145, -158, -197, -109, -2, 247, 248, -177, -416, -24, 371, 235, -131, -201, 62, -84, -210, 161, 192, -100, -255, 145, 402, 39, -264, -273]"
"[-6, 32, 28, -34, -50, 19, 75, 53, -42, -176, -201, 271, 478, -15, -335, -340, 53, 336, 54, -164, -141, -538, -951, 1852, 3064, -2611, -7831, 3547, 16236, 2331, -13924, -15135, 1221, 15930, 3478, -6689, -1789, 1750, 906, -509, -641, 163, 402, -32, -157, 150, 338, -188, -513, -83, 512, 400, -131, -635, -365, 269, 164, 258, 262, -67, -95, -330, -236, 269, 270, -73, -208, 14, 136, 32, -11, -9, 0, -98, -100, 86, 116, 33, -44, -78, 18, 27, -73, 15, 112, 35, -25, -89, -47, 19, -46, -24, 41, 225, 190, -287, -321, 56, 153, 174, 121, -134, -189, -107, 1, 256, 245, -201, -417, 8, 381, 211, -127, -191, 53, -99, -192, 162, 150, -102, -217, 172, 404, 5, -305, -274]"
"[14, -3, -11, -3, -15, 0, 31, 63, -9, -156, -193, 250, 469, -31, -346, -315, 67, 307, 14, -135, -37, -563, -1231, 1802, 3418, -2267, -7854, 3021, 15914, 2556, -13727, -14991, 1322, 15888, 3475, -6914, -1997, 1866, 1051, -434, -702, 72, 436, 58, -144, 85, 325, -177, -528, -106, 483, 433, -99, -580, -281, 189, 39, 208, 250, 52, -10, -330, -214, 208, 222, -89, -246, -6, 142, 169, 92, -115, -84, -140, -161, 161, 236, 60, -126, -165, 68, 150, -22, -126, -10, 55, -4, -34, -30, 62, 33, -75, -35, 173, 188, -207, -255, 7, 78, 149, 126, -77, -151, -112, -4, 232, 247, -199, -428, 7, 388, 198, -157, -169, 67, -95, -162, 188, 149, -174, -254, 208, 405, 17, -267, -266]"
"[-6, -6, -11, 17, 5, 8, 45, 30, -48, -164, -185, 293, 489, -62, -376, -297, 110, 315, -7, -162, 66, -581, -1615, 1672, 3855, -1677, -7824, 2103, 15176, 3268, -12631, -14996, 550, 15316, 3720, -6324, -1957, 1517, 938, -280, -578, 36, 357, -9, -156, 146, 330, -164, -498, -124, 455, 492, 28, -668, -482, 156, 135, 390, 373, -93, -167, -417, -263, 367, 345, -100, -270, -39, 150, 121, 23, -58, -13, -116, -143, 96, 146, 69, -68, -109, 111, 115, -114, -240, -67, 286, 212, -122, -137, -51, -55, -2, 31, 242, 221, -243, -263, -18, 62, 157, 132, -88, -180, -103, 12, 250, 234, -192, -376, 15, 353, 153, -156, -155, 48, -77, -140, 167, 122, -128, -194, 182, 369, -17, -284, -234]"
"[-2, 11, 18, -24, -49, 14, 78, 65, -41, -197, -209, 290, 502, -28, -359, -340, 75, 331, -6, -153, 177, -585, -1932, 1518, 4227, -1152, -7943, 1243, 14756, 4200, -11755, -15413, -26, 15086, 3768, -6093, -1927, 1468, 939, -198, -524, -70, 270, 38, -104, 159, 309, -181, -484, -115, 419, 459, -1, -562, -310, 139, 49, 218, 272, 18, -107, -385, -230, 368, 340, -141, -267, -33, 113, 111, 45, -22, -6, -171, -211, 160, 242, 84, -56, -167, 17, 68, -94, -92, 31, 181, 92, -128, -60, 12, -97, -74, 52, 321, 248, -321, -321, 0, 88, 173, 108, -81, -125, -90, 0, 202, 204, -182, -367, 31, 359, 157, -146, -168, 29, -66, -109, 155, 73, -121, -136, 195, 331, -50, -262, -201]"
"[15, 27, -12, -16, 15, 25, 33, 5, -47, -143, -192, 267, 478, -7, -321, -353, 36, 325, 8, -129, 280, -608, -2248, 1337, 4555, -605, -8218, 466, 14916, 5385, -11183, -16642, -882, 15374, 3950, -5885, -1844, 1514, 1013, -247, -569, -137, 264, 83, -106, 113, 259, -127, -384, -90, 353, 379, 50, -489, -342, 50, 18, 278, 322, 23, -140, -443, -235, 449, 369, -205, -296, 1, 120, 86, 27, 19, 61, -162, -211, 62, 127, 120, 18, -85, 27, 8, -95, -70, 54, 138, 28, -125, -43, 42, -63, -61, 53, 231, 145, -240, -212, 24, 70, 116, 73, -58, -86, -75, -18, 164, 204, -136, -329, -33, 268, 180, -79, -128, -6, -98, -58, 188, 45, -190, -190, 254, 421, -30, -313, -268]"
"[10, 12, -5, -15, -3, 17, 33, 28, -24, -144, -199, 241, 467, 10, -306, -353, 24, 314, 11, -105, 355, -638, -2484, 1227, 4837, -160, -8165, -314, 14212, 5945, -10349, -16347, -1028, 14632, 3598, -5587, -1740, 1691, 1245, -339, -750, -270, 282, 259, -21, -15, 157, -84, -324, -103, 247, 387, 183, -358, -307, -162, -132, 320, 330, 116, -42, -428, -240, 362, 305, -176, -230, 49, 119, 0, 1, 52, 16, -194, -201, 183, 249, 55, -68, -179, -39, 84, -26, 4, 97, 42, -33, -95, 10, 31, -117, -85, 49, 272, 186, -230, -220, -20, 46, 126, 80, -22, -46, -124, -99, 176, 267, -79, -334, -108, 229, 218, -24, -110, -48, -162, -66, 254, 80, -219, -228, 271, 486, -54, -389, -271]"
"[-11, 19, 8, 12, 10, -13, 7, 49, 8, -153, -232, 236, 479, 21, -305, -341, 34, 285, -23, -71, 606, -551, -2941, 424, 4701, 1518, -7134, -1956, 12730, 7012, -8752, -16459, -1838, 13855, 3471, -5051, -1586, 1675, 1269, -322, -722, -340, 243, 267, -40, -19, 179, -46, -319, -156, 182, 431, 294, -319, -359, -288, -179, 449, 434, 42, -170, -430, -175, 453, 357, -238, -276, -9, 51, 85, 123, 29, -93, -225, -136, 240, 259, -21, -158, -145, 58, 122, -48, -73, 28, 78, 37, -62, -31, -3, -73, -56, 17, 215, 171, -172, -212, -45, 62, 184, 118, -100, -113, -124, -108, 228, 337, -76, -345, -170, 160, 241, 52, -88, -126, -195, 12, 319, 48, -304, -242, 345, 546, -90, -452, -305]"
"[-33, 8, 25, 23, -14, -20, 43, 64, -26, -191, -211, 294, 498, -38, -354, -333, 64, 325, -33, -117, 743, -399, -3061, -306, 4138, 2703, -6130, -2944, 11591, 8087, -7051, -17252, -3298, 13705, 4097, -4689, -1854, 1421, 1316, -43, -622, -558, 99, 407, 120, -78, 44, -66, -253, -126, 116, 488, 465, -348, -487, -392, -201, 520, 444, 104, -65, -479, -254, 383, 324, -146, -187, -52, -37, 69, 186, 84, -121, -299, -158, 311, 315, -15, -155, -228, -43, 188, 74, -57, -36, 17, 46, -14, -17, -21, -78, -34, 62, 162, 69, -158, -123, 3, 47, 115, 65, -73, -43, -83, -142, 122, 264, 50, -175, -193, 37, 133, 89, 21, -154, -269, 9, 395, 103, -319, -264, 293, 497, -51, -372, -269]"
"[1, 43, 28, -27, -27, -8, 26, 60, 12, -161, -242, 222, 471, 52, -289, -364, 36, 309, -52, -111, 824, -295, -3055, -747, 3754, 3360, -5611, -3827, 10457, 9664, -4725, -18477, -5496, 13786, 5472, -4377, -2583, 882, 1345, 461, -455, -729, 37, 493, 194, -144, -8, -87, -256, -147, -4, 561, 658, -263, -521, -565, -257, 563, 406, 156, 38, -476, -297, 350, 342, -160, -241, -40, -8, 99, 181, 80, -92, -314, -175, 305, 270, -41, -109, -126, -12, 101, 23, -79, -43, 102, 90, -86, -74, 19, -27, -24, 57, 132, 52, -157, -111, 27, 36, 65, 32, -3, 42, -106, -205, 74, 242, 99, -121, -157, 34, 58, 76, 60, -168, -309, -1, 457, 166, -358, -332, 259, 485, 14, -300, -266]"
"[12, -7, -27, -13, -1, 32, 47, 35, -3, -176, -255, 238, 496, 58, -299, -386, 31, 320, -73, -118, 911, -156, -2927, -1314, 2943, 4015, -4616, -4205, 9395, 10425, -2995, -19331, -7372, 14113, 7044, -4194, -3392, 135, 1209, 1070, -150, -862, -100, 484, 241, -141, -85, -63, -132, -172, -166, 586, 792, -268, -608, -497, -95, 463, 186, 154, 219, -366, -387, 177, 331, -4, -173, -150, -91, 130, 203, 93, -83, -268, -132, 239, 217, 14, -31, -201, -127, 112, 54, -19, 28, 97, 35, -162, -77, 100, 2, -64, 25, 150, 95, -168, -160, 8, 55, 109, 42, -30, 39, -99, -208, 66, 222, 92, -94, -102, 32, -15, 81, 116, -187, -380, -31, 551, 262, -385, -384, 189, 440, 60, -262, -228]"
"[-7, 8, 0, -1, -12, 12, 50, 48, -2, -181, -247, 232, 471, 56, -277, -369, 22, 298, -82, -92, 957, -84, -2786, -1637, 2292, 4249, -3891, -3858, 9149, 9875, -3007, -19136, -7610, 14304, 7659, -4230, -3762, -283, 1033, 1443, 143, -932, -257, 433, 260, -98, -58, -2, -65, -318, -338, 678, 903, -239, -566, -499, -117, 362, 90, 204, 325, -293, -444, 59, 329, 114, -123, -215, -124, 140, 199, 92, -82, -241, -81, 213, 160, -39, -76, -124, -25, 144, 37, -137, -68, 156, 108, -83, -18, 3, -95, -81, 59, 225, 104, -230, -190, 45, 82, 106, 33, -39, 56, -85, -203, 20, 158, 109, -41, -21, 89, -101, -1, 85, -195, -315, -16, 556, 313, -386, -412, 137, 400, 99, -203, -211]"
"[-36, 21, 27, 8, -22, -13, 41, 69, 10, -190, -262, 233, 485, 56, -305, -373, 57, 325, -90, -143, 936, -16, -2664, -1764, 1916, 4253, -3482, -3298, 9399, 8868, -3904, -18556, -6933, 14385, 7483, -4379, -3709, -309, 911, 1495, 275, -939, -351, 429, 371, -94, -203, -108, -21, -97, -223, 522, 781, -256, -548, -424, -102, 336, 108, 208, 307, -315, -445, 74, 349, 103, -165, -220, -97, 164, 199, 66, -78, -217, -85, 150, 94, 44, 35, -144, -129, 107, 108, -43, -40, 63, 48, -107, -67, 77, 12, -52, 36, 115, 51, -183, -169, 58, 67, 108, 63, -10, 76, -127, -254, 1, 196, 162, -84, -100, 113, 18, 16, -49, -256, -190, 70, 499, 283, -401, -435, 135, 406, 127, -192, -222]"
"[-28, 33, 26, -3, -7, 5, 37, 33, -21, -171, -236, 265, 504, 16, -329, -370, 44, 322, -83, -118, 948, 47, -2459, -2000, 1250, 4264, -2900, -2483, 9901, 7651, -5253, -18150, -5967, 14804, 7143, -4786, -3611, -96, 931, 1400, 233, -924, -325, 435, 335, -84, -93, -92, -132, -207, -193, 624, 737, -264, -397, -404, -253, 185, 133, 410, 352, -450, -502, 172, 457, 47, -288, -260, -37, 259, 172, 6, -24, -163, -122, 70, 102, 85, -21, -156, -49, 179, 107, -150, -111, 101, 108, -69, -91, 11, 1, 19, 86, 54, -38, -156, -106, 84, 63, 86, 69, -21, 51, -150, -265, 62, 244, 115, -157, -99, 157, 72, 15, -108, -259, -141, 91, 448, 228, -384, -398, 165, 393, 105, -164, -205]"
"[-14, -2, 2, 3, -21, 6, 58, 59, -16, -188, -230, 258, 485, 10, -335, -351, 61, 337, -73, -138, 937, 88, -2317, -2126, 830, 4233, -2524, -1920, 10248, 6731, -6302, -17678, -5047, 14912, 6597, -5018, -3365, 184, 974, 1198, 152, -848, -264, 369, 280, -77, -121, -82, -111, -122, -80, 548, 608, -294, -315, -374, -345, 166, 194, 433, 300, -412, -374, 122, 304, -19, -252, -110, 27, 181, 150, -1, -74, -191, -104, 161, 150, 10, -91, -112, 27, 165, 62, -164, -109, 85, 97, -28, -69, 1, 3, -2, 64, 88, 11, -192, -164, 89, 92, 121, 105, -62, -33, -147, -180, 110, 193, 45, -134, -23, 176, -2, -49, -80, -195, -104, 74, 368, 188, -332, -366, 185, 416, 66, -205, -200]"
"[11, -12, -17, 11, 12, -3, 19, 38, -10, -150, -214, 245, 484, 14, -329, -358, 62, 320, -116, -119, 978, 102, -2336, -2126, 779, 4189, -2405, -1371, 11022, 5466, -8285, -17051, -3374, 15427, 5826, -5697, -3168, 706, 1143, 943, -12, -834, -202, 368, 218, -46, -31, -92, -219, -123, 109, 582, 451, -536, -499, -79, 21, 187, 34, 204, 274, -276, -344, 92, 285, -3, -229, -102, 45, 136, 80, 48, 38, -213, -197, 123, 174, 56, -104, -120, 101, 191, -16, -296, -149, 282, 256, -121, -190, -34, 52, 40, 28, 57, 31, -154, -161, 53, 83, 142, 105, -73, -27, -141, -195, 113, 209, 47, -144, -24, 207, 6, -87, -112, -178, -47, 104, 315, 130, -337, -352, 226, 449, 51, -232, -230]"
"[-20, -17, -3, 34, 15, -16, 21, 46, -14, -160, -203, 253, 468, -16, -341, -332, 67, 328, -88, -119, 959, 103, -2268, -2173, 524, 4138, -2101, -732, 11559, 4204, -9806, -16370, -2157, 15650, 5261, -6014, -2917, 999, 1161, 693, -79, -721, -181, 297, 192, -7, 13, -65, -263, -160, 226, 661, 424, -769, -709, 59, 179, 316, 135, 48, 87, -303, -277, 226, 343, -81, -286, -122, 32, 160, 100, 78, 49, -239, -193, 127, 156, 37, -76, -97, 53, 138, -4, -206, -102, 212, 174, -118, -134, 4, 15, 22, 68, 77, 31, -175, -171, 39, 52, 142, 129, -22, -29, -195, -189, 170, 230, -7, -178, -21, 211, 24, -90, -118, -165, -41, 89, 291, 106, -294, -284, 238, 427, -16, -265, -201]"
"[-38, -1, 18, 30, 3, -18, 23, 54, 1, -173, -231, 265, 501, -17, -377, -336, 104, 360, -80, -187, 869, 126, -2225, -2058, 584, 4026, -2003, -353, 11964, 3063, -11274, -15569, -941, 15887, 4892, -6332, -2829, 1116, 1208, 634, -188, -759, -89, 418, 187, -150, -52, -22, -225, -112, 243, 611, 398, -813, -813, 138, 321, 376, 130, -39, 85, -337, -366, 237, 378, -28, -281, -125, 56, 177, 139, 34, -16, -292, -255, 218, 270, 68, -99, -186, 32, 160, -47, -174, 10, 222, 88, -194, -113, 90, 65, -40, -15, 64, 56, -116, -132, 31, 35, 88, 112, 14, -33, -209, -178, 198, 255, -34, -219, -19, 246, 41, -108, -141, -140, -28, 52, 244, 83, -210, -207, 217, 414, -46, -295, -220]"
"[3, 26, 6, -14, -8, -3, 14, 53, 11, -160, -230, 256, 490, -13, -345, -318, 82, 302, -101, -101, 954, -4, -2536, -1881, 1080, 4110, -2055, -387, 12190, 2140, -12655, -14769, 286, 16315, 4696, -6921, -2908, 1319, 1277, 496, -267, -688, -88, 361, 172, -74, -44, -15, -164, -95, 281, 524, 245, -817, -681, 237, 226, 289, 244, 34, -22, -447, -336, 344, 381, -78, -277, -70, 101, 127, 92, 19, -29, -246, -184, 187, 181, 51, -53, -132, 38, 123, -60, -170, 1, 203, 90, -126, -66, 8, -24, -20, 32, 130, 82, -176, -193, 28, 58, 159, 154, -54, -77, -171, -137, 152, 197, -12, -191, -7, 253, 51, -101, -174, -150, -3, 33, 224, 114, -163, -199, 162, 390, -33, -300, -220]"
"[-3, 10, 5, -5, -22, -5, 38, 70, 3, -179, -226, 254, 475, -6, -341, -321, 94, 312, -108, -140, 918, -49, -2737, -1563, 1844, 3980, -2650, -873, 12057, 2340, -12769, -14231, 984, 16041, 4202, -7204, -2858, 1645, 1409, 364, -374, -695, -66, 399, 194, -93, -58, -21, -218, -97, 374, 559, 140, -869, -604, 329, 244, 187, 178, 55, -18, -425, -309, 372, 427, -127, -346, -97, 95, 159, 109, 33, -41, -233, -142, 164, 172, 57, -88, -169, 67, 190, -66, -212, 20, 217, 61, -159, -88, 57, 42, -22, -15, 82, 103, -138, -215, -1, 62, 216, 216, -104, -151, -193, -139, 193, 219, 15, -160, -69, 181, 70, -70, -137, -120, -24, 30, 205, 74, -180, -201, 227, 445, -65, -345, -257]"
"[-24, 2, 3, 19, 2, 1, 41, 47, -10, -179, -241, 237, 467, 66, -266, -389, -5, 333, -10, -108, 809, -259, -2975, -898, 3045, 3368, -4062, -1340, 12336, 3158, -12547, -14158, 1308, 15624, 3671, -7195, -2603, 1923, 1469, 100, -560, -595, 90, 402, 56, -137, 41, 89, -191, -192, 326, 525, 73, -821, -546, 415, 329, 92, 54, 7, -2, -275, -196, 250, 258, -111, -250, -9, 123, 111, 97, -31, -83, -205, -161, 177, 198, 89, -68, -174, 64, 133, -92, -142, 58, 150, 21, -116, -55, 47, 40, -54, -82, 101, 169, -73, -190, -80, 3, 216, 253, -81, -214, -224, -95, 295, 292, -71, -256, -109, 170, 153, -4, -133, -137, -82, 0, 247, 128, -191, -253, 180, 453, 13, -324, -313]"
"[-25, -7, 5, 34, 9, -20, 19, 65, 20, -176, -259, 225, 483, 63, -289, -383, 19, 320, -28, -107, 668, -432, -2967, 87, 4249, 1923, -5970, -1126, 12980, 3818, -12445, -14013, 1825, 15297, 3133, -7490, -2510, 2292, 1569, -93, -730, -550, 204, 461, 19, -178, 78, 127, -172, -253, 254, 491, 75, -721, -498, 373, 317, 75, 32, 44, 55, -325, -292, 274, 354, -80, -290, -67, 117, 150, 92, -60, -94, -135, -87, 129, 129, 51, -59, -113, 81, 98, -122, -144, 64, 216, 78, -181, -111, 42, 22, -23, -45, 108, 161, -61, -132, -112, -73, 180, 261, -31, -218, -211, -45, 283, 277, -99, -307, -129, 195, 244, 10, -202, -122, -49, -12, 187, 73, -152, -181, 223, 437, -82, -374, -246]"
"[3, 59, 49, -30, -48, -25, 28, 87, 17, -170, -228, 225, 460, 22, -318, -331, 76, 320, -7, -161, 205, -576, -2032, 1530, 4613, -1167, -8508, 850, 14913, 4663, -12167, -15330, 1143, 15459, 3082, -7332, -2238, 2440, 1519, -349, -845, -402, 314, 460, -11, -241, 88, 186, -155, -298, 239, 447, 14, -663, -456, 365, 306, 101, 50, 15, 50, -294, -286, 216, 326, -16, -258, -124, 97, 209, 91, -131, -98, -30, -14, 39, 50, 37, -59, -76, 78, 108, -82, -153, -4, 215, 167, -154, -168, 1, 58, -23, -114, 117, 219, -18, -129, -162, -95, 185, 239, -14, -161, -186, -75, 214, 293, -24, -314, -246, 119, 351, 111, -180, -138, -136, -31, 255, 106, -213, -252, 240, 498, -30, -407, -322]"
"[15, 42, 27, -23, -37, -5, 48, 79, 19, -202, -298, 226, 500, 108, -257, -409, -2, 323, 46, -185, -221, -323, -270, 1596, 2067, -3015, -7381, 3616, 14844, 3418, -11519, -15152, 443, 15005, 3137, -6864, -2020, 2387, 1452, -596, -990, -130, 562, 350, -191, -293, 182, 271, -175, -380, 184, 430, -11, -580, -401, 395, 358, 8, -51, 61, 129, -291, -319, 199, 341, -17, -299, -110, 161, 220, 54, -168, -84, -4, -5, 7, -21, 43, -6, -7, 100, 56, -94, -147, 2, 193, 136, -140, -152, 19, 67, -34, -100, 111, 183, -34, -105, -133, -103, 153, 199, 23, -77, -174, -152, 158, 353, 47, -353, -337, 112, 452, 181, -225, -181, -180, -58, 277, 96, -195, -236, 276, 556, -74, -480, -328]"
"[4, -11, -10, 7, 1, 3, 36, 46, -5, -170, -241, 234, 468, 44, -290, -351, 59, 313, 5, -237, -301, -102, 222, 1176, 1125, -2581, -6258, 3123, 13567, 4066, -10082, -15538, -582, 14685, 3179, -6346, -1571, 2421, 1224, -1005, -1014, 261, 700, 71, -373, -153, 364, 234, -317, -440, 214, 495, -8, -529, -301, 310, 227, 0, -4, 104, 119, -282, -290, 179, 315, -20, -267, -107, 125, 187, 47, -109, -41, -37, -56, 17, 28, 68, 9, -32, 67, -10, -149, -65, 65, 192, 127, -149, -137, -4, 27, -15, -48, 118, 137, -53, -49, -111, -153, 110, 223, 56, -107, -203, -128, 221, 390, -35, -454, -306, 192, 506, 178, -302, -216, -140, -25, 248, 58, -158, -194, 246, 500, -60, -429, -294]"
"[-34, 1, 18, 24, -6, -17, 22, 53, -1, -150, -210, 233, 459, 9, -316, -340, 53, 334, 4, -258, -294, 199, 703, 456, 117, -2056, -5615, 2690, 13055, 5231, -8914, -16756, -1641, 15051, 3451, -6432, -1508, 2666, 1089, -1266, -860, 566, 650, -252, -415, 130, 512, 6, -552, -383, 328, 606, 13, -559, -214, 261, 65, -83, 42, 276, 169, -399, -356, 236, 376, -29, -279, -131, 78, 179, 72, -65, -39, -47, -38, 8, 13, 50, -12, -10, 101, 21, -101, -106, 9, 130, 72, -72, -54, 24, 20, -82, -85, 123, 126, -19, -27, -95, -117, 94, 192, 23, -119, -175, -96, 213, 330, -60, -425, -205, 283, 408, 55, -335, -205, -41, 35, 214, 24, -189, -218, 294, 564, -69, -477, -339]"
"[-7, 22, 23, -4, -31, -11, 47, 88, 22, -213, -286, 246, 503, 61, -298, -377, 36, 319, -56, -192, 141, 399, 400, -886, -951, -435, -4496, 2354, 13290, 5720, -9039, -18302, -2171, 16479, 4102, -7347, -2028, 2950, 1113, -1168, -627, 610, 520, -406, -363, 289, 546, -162, -686, -319, 390, 697, 81, -615, -233, 220, -2, -93, 93, 335, 123, -440, -287, 270, 281, -69, -175, -44, 38, 49, 26, 18, 8, -48, -46, -16, 22, 76, -17, -71, 60, 100, -17, -155, -68, 115, 76, -33, -23, 30, 19, -100, -95, 125, 137, -17, -46, -106, -120, 109, 230, 46, -127, -239, -119, 237, 294, -48, -328, -145, 261, 248, -57, -221, -88, -39, -24, 178, 71, -147, -220, 208, 486, 10, -361, -329]"
"[10, 17, -2, -21, -18, 13, 35, 60, 28, -175, -260, 213, 470, 70, -280, -370, 33, 325, -44, -185, 443, 319, -449, -1607, -1099, 1296, -3316, 1730, 13119, 5564, -9211, -18840, -2281, 16994, 4082, -7742, -2065, 3120, 911, -1003, -257, 539, 227, -397, -68, 327, 318, -321, -607, -170, 357, 654, 159, -624, -335, 198, 59, -40, 69, 289, 131, -416, -293, 287, 342, -116, -282, -51, 113, 93, -27, -2, 69, -28, -78, -52, 18, 106, 10, -105, 6, 139, 61, -201, -180, 142, 188, -1, -78, -47, 11, -36, -51, 101, 114, -58, -94, -69, -62, 137, 216, 10, -129, -242, -141, 252, 289, -31, -256, -138, 187, 173, -60, -133, -38, -53, -47, 165, 103, -168, -290, 214, 530, 49, -363, -357]"
"[-11, -17, -19, 27, 23, 7, 28, 32, 3, -160, -247, 230, 485, 54, -310, -386, 39, 354, 23, -164, 599, -137, -1955, -1354, 574, 3025, -2823, -27, 12659, 5008, -10467, -18137, -998, 17311, 3488, -8250, -1925, 3348, 808, -893, -72, 421, 153, -312, -4, 183, 210, -277, -631, -134, 457, 762, 195, -803, -456, 276, 151, -13, 38, 230, 123, -377, -293, 281, 369, -110, -319, -84, 94, 149, 65, 28, 38, -167, -150, 51, 79, 89, -11, -98, 38, 134, -10, -231, -111, 233, 185, -103, -106, 7, 35, -67, -80, 124, 131, -76, -116, -28, 2, 112, 154, -32, -120, -166, -107, 195, 247, -14, -230, -113, 209, 136, -116, -145, -31, -6, -2, 185, 101, -248, -339, 252, 537, 86, -287, -386]"
"[-22, -6, 15, 27, -11, -19, 35, 66, 8, -183, -252, 241, 496, 30, -336, -357, 69, 327, 31, -157, 466, -564, -2967, -78, 3224, 2986, -3992, -1136, 13021, 3662, -13180, -15992, 1977, 17191, 2216, -8805, -1658, 3514, 820, -659, 68, 120, 29, -247, -39, 141, 182, -206, -624, -43, 625, 722, 100, -931, -533, 349, 251, 46, -20, 130, 152, -295, -292, 228, 345, -119, -351, -22, 186, 177, 77, -87, -66, -132, -105, 108, 133, 41, -122, -117, 143, 218, -63, -296, -59, 252, 141, -130, -123, 5, 39, -17, -57, 97, 135, -75, -155, -48, 32, 168, 169, -83, -148, -153, -91, 215, 267, -65, -303, -78, 286, 135, -187, -142, 53, 14, -35, 125, 64, -232, -321, 277, 546, 83, -269, -401]"
"[-1, 22, 2, -6, -6, 7, 40, 49, -19, -173, -207, 263, 464, -26, -340, -304, 92, 302, 49, -198, -8, -830, -2831, 1857, 5459, 585, -6650, -293, 14753, 2001, -16330, -13766, 5208, 16829, 685, -9227, -1191, 3827, 932, -764, -103, -31, 85, -139, -134, 106, 230, -175, -631, 94, 863, 535, -170, -1042, -556, 497, 311, 122, 83, 53, 36, -331, -212, 266, 237, -145, -226, 40, 112, 61, 73, 10, -61, -209, -150, 226, 259, -31, -203, -111, 148, 120, -156, -97, 150, 125, -61, -135, 19, 87, -35, -144, -72, 220, 190, -141, -201, -20, 82, 191, 177, -182, -246, -82, 13, 234, 215, -135, -302, 19, 350, 61, -263, -132, 91, 45, -28, 74, 20, -185, -260, 251, 503, 95, -237, -433]"
"[15, 34, 11, -46, -52, 29, 88, 59, -62, -199, -182, 309, 475, -84, -384, -269, 121, 312, 62, -250, -536, -815, -1601, 3310, 5686, -2749, -8506, 2597, 16674, -702, -19223, -11219, 8065, 16022, -771, -9269, -642, 4064, 1070, -986, -338, -150, 59, -5, -69, 99, 203, -139, -545, 98, 910, 411, -363, -1030, -451, 601, 271, 57, 141, 119, 1, -433, -228, 364, 265, -205, -227, 110, 155, -37, -14, 23, -87, -148, -24, 272, 239, -185, -330, -47, 251, 222, -139, -229, 105, 192, -44, -173, -5, 111, -14, -115, -43, 184, 142, -168, -204, 65, 138, 137, 134, -177, -232, -65, 29, 209, 172, -153, -306, 82, 400, 15, -316, -94, 180, 4, -120, 45, 25, -127, -228, 248, 513, 67, -292, -422]"
"[-29, -1, 1, 27, 18, -9, 7, 30, -25, -129, -173, 274, 483, -71, -391, -312, 87, 366, 113, -323, -1040, -505, 308, 3826, 3805, -5701, -8471, 6574, 17888, -4417, -21608, -8332, 10433, 15027, -1941, -9219, -153, 4328, 1186, -1416, -681, 1, 268, -61, -265, 176, 366, -132, -549, 93, 900, 259, -502, -899, -349, 594, 262, 122, 239, -43, -217, -360, -47, 422, 178, -277, -148, 140, 59, -109, 11, 134, -50, -215, -51, 320, 266, -254, -378, 19, 318, 195, -164, -245, 87, 170, -64, -103, 88, 51, -145, -123, 46, 268, 133, -242, -213, 79, 127, 141, 144, -189, -256, -49, 67, 218, 135, -184, -252, 124, 330, -63, -273, 30, 212, -118, -210, 96, 102, -102, -276, 215, 565, 101, -333, -490]"
"[-11, 31, 17, -5, -12, 4, 47, 32, -70, -140, -121, 289, 421, -109, -356, -232, 108, 282, 31, -313, -1220, 11, 2182, 3153, 387, -7063, -5741, 10403, 17187, -9711, -23842, -3604, 13589, 13361, -3467, -9343, 373, 4605, 1082, -1796, -843, 228, 394, -92, -266, 180, 365, -188, -554, 110, 838, 210, -479, -764, -274, 497, 203, 112, 206, -18, -183, -311, -16, 394, 179, -306, -177, 128, 13, -87, 39, 191, 2, -192, 14, 194, 98, -251, -301, 115, 284, 133, -120, -174, 67, 88, -51, -38, 64, -19, -152, -27, 137, 201, 24, -292, -184, 180, 148, 69, 93, -157, -206, -31, 55, 181, 102, -164, -202, 153, 297, -118, -251, 91, 210, -196, -254, 161, 152, -121, -299, 212, 593, 87, -392, -502]"
"[-15, 30, 35, -20, -59, -6, 75, 88, -45, -186, -145, 319, 467, -153, -440, -230, 156, 338, -3, -375, -1178, 532, 3307, 1795, -2811, -6505, -1887, 12299, 14807, -13995, -24488, 967, 15736, 11227, -4710, -8972, 1000, 4646, 782, -2181, -865, 546, 403, -251, -257, 337, 401, -291, -556, 112, 774, 221, -410, -775, -371, 495, 275, 175, 193, -86, -178, -262, -13, 325, 142, -258, -178, 98, 14, 7, 146, 127, -83, -272, -14, 249, 86, -229, -239, 159, 303, 33, -202, -137, 109, 99, -63, -46, 44, -12, -86, 26, 132, 59, -83, -177, -59, 166, 98, 18, 59, -120, -149, -4, 62, 117, 15, -138, -92, 200, 229, -204, -206, 170, 195, -299, -313, 241, 214, -136, -324, 239, 637, 42, -464, -485]"
"[6, -8, -11, -5, -17, 14, 60, 50, -55, -162, -140, 306, 453, -119, -389, -247, 130, 314, -55, -359, -958, 904, 3650, 412, -4928, -4921, 1778, 12233, 11172, -16551, -23258, 5139, 16783, 8477, -5704, -8104, 1567, 4423, 418, -2333, -772, 742, 340, -310, -129, 383, 315, -372, -537, 110, 712, 297, -309, -815, -464, 465, 333, 266, 179, -196, -160, -160, -4, 195, 61, -169, -122, 95, 15, 28, 176, 77, -131, -264, 13, 251, 25, -199, -89, 146, 117, -46, -95, -18, 69, 63, 14, -63, -35, -41, -78, 80, 176, 34, -124, -185, -36, 180, 76, 2, 61, -78, -120, -28, 54, 94, -29, -110, -19, 211, 189, -244, -192, 175, 151, -303, -313, 288, 269, -116, -307, 192, 607, -6, -533, -422]"
"[-50, 4, 40, 29, -31, -27, 62, 70, -67, -173, -124, 333, 454, -147, -401, -229, 144, 308, -106, -345, -577, 1183, 3371, -1115, -6326, -2560, 4972, 11231, 8126, -18106, -22254, 7975, 17315, 6601, -6179, -7287, 1998, 3953, -35, -2324, -597, 928, 314, -381, -74, 345, 203, -368, -506, 174, 757, 308, -275, -889, -563, 493, 446, 279, 53, -284, -134, -2, 57, 99, 5, -117, -59, 34, -76, 97, 321, 25, -300, -265, 173, 301, -98, -320, -97, 304, 243, -95, -174, -101, 19, 150, 105, -61, -89, -65, -16, 86, 103, -14, -130, -110, 34, 184, 57, -72, 21, -35, -85, -33, 30, 80, -47, -46, 95, 150, 35, -266, -83, 249, 99, -390, -333, 361, 313, -138, -328, 222, 663, -55, -600, -405]"
"[-5, 2, -2, 0, -6, 24, 61, 13, -83, -138, -115, 308, 450, -128, -397, -240, 143, 299, -152, -300, -164, 1264, 2613, -2152, -6425, -484, 6251, 9638, 6694, -17611, -21042, 8263, 16562, 5726, -6074, -6380, 2277, 3417, -346, -2185, -470, 925, 259, -296, 40, 257, 70, -379, -465, 292, 843, 224, -350, -917, -557, 569, 503, 179, -57, -207, -26, -11, -2, 53, -4, -47, -8, -9, -102, 118, 334, -12, -323, -254, 159, 298, -79, -263, -72, 208, 164, 8, -59, -164, -44, 138, 51, -62, -31, 21, 17, 27, 66, -56, -143, -49, 49, 142, 53, -32, 27, -76, -91, 12, 54, 29, -98, -32, 127, 201, 72, -325, -141, 249, 118, -353, -330, 320, 294, -76, -258, 159, 572, -66, -589, -336]"
"[-10, 26, 14, -6, -14, 15, 59, 26, -63, -154, -139, 300, 435, -102, -358, -232, 130, 273, -189, -264, 207, 1238, 1663, -2799, -5958, 1245, 7094, 8455, 6094, -18158, -21617, 9075, 17094, 5489, -6212, -6043, 2553, 3042, -658, -2110, -350, 1034, 332, -348, -37, 158, 43, -264, -397, 246, 799, 230, -338, -948, -595, 609, 519, 213, 28, -259, -130, -33, 21, 98, 42, -36, -47, -66, -73, 155, 282, -48, -282, -197, 142, 263, -43, -251, -119, 151, 131, 103, 57, -162, -86, 28, 5, -10, -42, 50, 104, 45, 39, -147, -203, -10, 87, 157, 19, -11, 128, -85, -197, -60, 67, 117, -58, -38, 119, 153, 41, -295, -109, 256, 98, -393, -342, 387, 360, -133, -343, 141, 588, 9, -527, -381]"
"[12, 7, 3, -10, -31, 8, 66, 54, -55, -160, -132, 303, 447, -113, -376, -245, 132, 277, -223, -216, 538, 1131, 765, -3166, -5271, 2525, 7320, 7321, 5826, -17985, -21898, 9135, 17332, 5713, -6044, -6206, 2305, 2898, -604, -1894, -334, 920, 365, -276, -93, 46, 47, -169, -422, 231, 886, 249, -424, -987, -506, 655, 471, 126, -29, -202, -15, -1, -84, -32, 53, 143, 41, -194, -175, 215, 362, -85, -347, -175, 162, 263, -40, -227, -72, 148, 82, 7, 24, -34, -42, -49, 12, 78, -9, -71, 4, 68, 54, -41, -80, -77, -40, 116, 77, 60, 126, -133, -214, -48, 62, 122, -14, -1, 106, 39, -37, -184, -6, 249, 78, -423, -336, 356, 269, -113, -241, 248, 595, -181, -645, -234]"
"[-24, -5, 10, 32, 3, -22, 31, 44, -61, -129, -77, 306, 399, -194, -421, -137, 210, 255, -231, -220, 591, 1033, 444, -3059, -4765, 2728, 7301, 6774, 4986, -18052, -21335, 10313, 17693, 4678, -6414, -5931, 2358, 2793, -641, -1790, -311, 900, 422, -278, -195, 16, 126, -89, -402, 149, 796, 246, -366, -909, -515, 561, 429, 240, 93, -283, -142, -14, -30, 31, 44, 80, 10, -130, -115, 187, 324, -119, -380, -127, 217, 269, -46, -258, -86, 142, 58, 18, 29, -4, 29, -30, -33, -52, -87, 46, 120, 98, 68, -168, -229, -36, 86, 211, 50, -69, 84, -48, -161, -68, 37, 119, 17, 4, 86, 0, -74, -154, 36, 269, 55, -457, -338, 399, 313, -130, -271, 219, 605, -144, -634, -285]"
"[3, 30, 16, -16, -25, -5, 36, 51, -56, -133, -77, 317, 422, -215, -455, -145, 223, 279, -222, -212, 680, 916, 16, -2963, -4183, 3058, 7365, 6105, 4034, -18031, -20614, 11343, 17896, 3728, -6778, -5738, 2431, 2838, -673, -1788, -256, 959, 444, -394, -294, 81, 208, -70, -446, 98, 793, 317, -289, -920, -538, 458, 362, 322, 135, -305, -152, 18, 4, 9, 1, 64, 47, -77, -116, 98, 273, -57, -338, -136, 201, 258, -48, -223, -38, 115, 25, -17, -16, 3, 43, 57, 53, -121, -170, 37, 153, 114, 29, -177, -203, 19, 116, 153, 24, -36, 99, -118, -232, -6, 97, 136, 34, -30, 42, -20, -64, -105, 60, 229, 30, -450, -348, 396, 328, -92, -241, 181, 553, -155, -597, -230]"
"[2, 5, -6, -1, -10, 6, 52, 53, -50, -171, -138, 325, 466, -146, -431, -223, 180, 302, -227, -211, 755, 921, -139, -3056, -4082, 3226, 7164, 6095, 4687, -17834, -21226, 10508, 17948, 4756, -6418, -6477, 1956, 3121, -396, -1751, -338, 919, 498, -436, -396, 144, 327, -94, -542, 82, 845, 389, -230, -974, -583, 392, 270, 341, 173, -175, -41, -90, -124, 5, 82, 108, 3, -124, -119, 111, 264, 23, -226, -224, 73, 261, 25, -210, -115, 127, 124, 9, -61, -80, -2, 117, 100, -103, -162, 11, 122, 101, 45, -125, -173, -42, 66, 203, 91, -110, -23, -63, -134, 15, 82, 120, 24, -61, 25, 31, -22, -140, 17, 240, 62, -446, -364, 379, 326, -57, -199, 121, 460, -126, -531, -200]"
"[4, 6, -14, 10, 4, 15, 52, 21, -87, -125, -53, 324, 406, -227, -451, -142, 208, 285, -200, -191, 775, 817, -376, -2981, -3808, 3514, 7604, 5590, 3449, -18192, -20549, 11952, 18319, 3669, -6782, -6286, 1915, 3117, -320, -1633, -303, 842, 457, -449, -382, 168, 306, -77, -465, 34, 725, 377, -201, -904, -513, 410, 276, 220, 73, -102, 47, -98, -199, 8, 160, 135, -51, -188, -81, 190, 236, -71, -228, -132, 92, 198, 18, -164, -127, 53, 108, 128, 28, -167, -86, 111, 144, -80, -215, -2, 178, 132, 25, -163, -183, -14, 111, 164, 11, -100, 21, -35, -114, 25, 61, 54, 21, 20, 66, -36, -77, -121, 38, 253, 72, -438, -373, 351, 331, -22, -189, 95, 444, -126, -531, -191]"
"[-5, 42, 41, -25, -63, -3, 77, 73, -77, -159, -63, 319, 387, -212, -424, -126, 211, 252, -231, -178, 782, 861, -281, -3030, -3959, 3544, 8001, 5398, 2446, -18251, -19672, 12763, 18332, 2922, -7061, -6287, 1885, 3387, -135, -1734, -446, 760, 476, -310, -328, 89, 272, -48, -441, -23, 640, 442, -97, -899, -560, 390, 307, 183, -21, -55, 150, -68, -237, -44, 176, 150, -89, -187, -20, 210, 194, -146, -279, -42, 211, 185, -84, -247, -130, 189, 217, 80, -12, -247, -181, 131, 190, 6, -176, -37, 175, 85, -34, -122, -114, -37, 29, 176, 78, -71, 8, -54, -109, -7, 32, 86, 39, 12, 74, -43, -118, -117, 86, 284, 71, -497, -420, 381, 375, -19, -226, 67, 441, -77, -494, -193]"
"[17, 47, 15, -32, -39, 19, 75, 46, -80, -151, -74, 320, 411, -197, -434, -166, 195, 299, -192, -216, 728, 900, -175, -3076, -4097, 3668, 8490, 4927, 982, -17998, -18113, 13740, 18031, 1571, -7437, -5784, 2027, 3410, -87, -1735, -453, 708, 437, -290, -279, 95, 230, -85, -455, 22, 690, 458, -112, -976, -610, 446, 359, 207, -9, -112, 117, -41, -235, -66, 189, 217, -56, -280, -72, 268, 202, -191, -249, 41, 209, 65, -131, -161, -45, 170, 130, -19, -53, -83, -41, 79, 105, -25, -108, -37, 69, 76, 52, -88, -173, -44, 87, 168, 25, -60, 52, -53, -105, -27, -13, 61, 44, 56, 76, -19, -25, -177, -56, 252, 114, -417, -401, 375, 393, -38, -249, 56, 451, -58, -489, -227]"
"[22, 11, -16, -8, -4, 12, 50, 37, -68, -136, -69, 301, 390, -184, -408, -154, 179, 265, -205, -190, 642, 988, 287, -3120, -4656, 3288, 8553, 5306, 1012, -17789, -17710, 13551, 17787, 1161, -7807, -5366, 2449, 3487, -141, -1937, -490, 749, 400, -315, -253, 156, 235, -151, -513, 105, 814, 424, -197, -1021, -611, 459, 333, 278, 85, -145, 71, -81, -263, -48, 216, 237, -65, -304, -79, 274, 196, -163, -192, 18, 141, 5, -158, -24, 113, 76, -52, -50, 37, 39, 6, -16, 25, -52, -116, 19, 76, 110, 140, -114, -265, -96, 140, 221, -30, -120, 69, 41, -63, -77, -37, 40, 9, 127, 201, -100, -226, -179, 89, 379, 95, -550, -433, 438, 406, -70, -263, 99, 501, -87, -556, -246]"
"[-17, 21, 30, 6, -25, -14, 49, 50, -68, -135, -66, 303, 387, -193, -403, -146, 179, 252, -199, -220, 426, 1121, 980, -3028, -5340, 2568, 8532, 5999, 1188, -17715, -17436, 13352, 17631, 927, -8051, -5202, 2563, 3608, 1, -1959, -567, 607, 360, -211, -214, 122, 229, -146, -555, 114, 910, 435, -285, -1097, -624, 558, 433, 269, 23, -246, 22, 7, -181, -47, 173, 194, -49, -278, -108, 280, 274, -163, -280, -27, 197, 80, -146, -110, 19, 76, -17, 52, 68, -26, -10, 53, 116, -137, -248, 11, 160, 158, 68, -174, -226, -1, 156, 161, -37, -112, 38, 41, -14, -61, -63, 19, 29, 99, 112, -42, -76, -171, -7, 285, 96, -466, -396, 412, 410, -72, -300, 35, 467, 28, -459, -285]"
"[-14, 15, 11, 5, -14, 6, 64, 35, -82, -149, -78, 330, 419, -210, -439, -148, 208, 282, -186, -283, 235, 1223, 1557, -2912, -5920, 1914, 8610, 6680, 1277, -17956, -17517, 13442, 17872, 963, -8199, -5450, 2453, 3774, 132, -1918, -596, 530, 336, -168, -148, 111, 192, -186, -579, 114, 895, 484, -251, -1095, -605, 547, 437, 211, -62, -196, 109, 25, -198, -85, 144, 185, -42, -237, -100, 247, 255, -115, -211, -82, 82, 71, -120, -26, 104, 93, -25, -65, 24, 32, 14, -18, -3, -40, -54, 22, 34, 41, 65, -60, -147, -30, 83, 74, -66, 32, 160, -21, -105, -116, -61, 105, 55, 44, 109, 2, -77, -222, -31, 325, 139, -464, -420, 377, 391, -68, -309, 103, 541, -28, -522, -306]"
"[9, 30, 14, -18, -35, 8, 74, 46, -103, -160, -66, 362, 432, -232, -443, -151, 195, 262, -190, -273, 25, 1276, 2237, -2561, -6430, 811, 8550, 7714, 1297, -18655, -17787, 14210, 18666, 788, -8619, -5994, 2278, 4168, 343, -1913, -622, 428, 271, -142, -106, 159, 220, -197, -570, 29, 811, 532, -230, -1059, -526, 548, 353, 152, -8, -122, 87, -46, -194, -17, 155, 95, -98, -151, -46, 240, 292, -148, -299, -118, 128, 154, -121, -90, 101, 105, -77, -57, 77, 95, 51, -76, -28, -75, -126, 37, 91, 128, 103, -143, -206, -27, 101, 126, -17, -15, 98, -30, -73, -95, -73, 74, 19, 68, 156, 31, -79, -268, -38, 331, 116, -454, -379, 394, 375, -106, -317, 122, 548, -30, -548, -301]"
"[-6, -2, 1, 2, -21, 12, 75, 41, -87, -164, -86, 339, 423, -207, -437, -150, 201, 279, -159, -309, -179, 1272, 2698, -2154, -6578, -99, 8346, 8207, 867, -18803, -17264, 14924, 18903, 273, -8795, -6183, 2075, 4273, 434, -1770, -544, 341, 186, -182, -95, 239, 217, -211, -466, 31, 691, 409, -243, -912, -474, 515, 373, 156, -48, -171, 99, 24, -158, -77, 101, 97, -91, -135, -41, 279, 329, -200, -334, -97, 134, 138, -126, -80, 83, 132, 26, -80, -56, 2, 67, 77, 31, -138, -132, 38, 50, 93, 128, -75, -200, -65, 133, 116, -92, -41, 115, 21, -54, -91, -81, 60, 48, 69, 107, 17, -16, -227, -92, 258, 125, -374, -341, 365, 335, -161, -325, 216, 588, -96, -564, -272]"
"[3, 11, 4, -14, -23, 25, 82, 32, -89, -178, -141, 363, 518, -152, -446, -275, 130, 340, -100, -310, -377, 1240, 3153, -1644, -6576, -1293, 7525, 9088, 1664, -18865, -17718, 14687, 19208, 700, -8724, -6707, 1720, 4457, 623, -1635, -511, 257, 155, -242, -137, 301, 241, -213, -427, 60, 687, 319, -295, -850, -450, 472, 333, 226, 25, -191, 87, -10, -198, -75, 120, 127, -84, -142, -28, 239, 273, -162, -290, -108, 122, 161, -117, -99, 120, 136, -62, -108, 44, 71, 3, -54, -23, 20, 18, -47, -90, 86, 203, -22, -203, -125, 66, 148, -18, -2, 119, -35, -100, -100, -72, 108, 68, 46, 88, 28, 13, -228, -122, 227, 133, -337, -367, 346, 417, -117, -395, 104, 571, 8, -510, -299]"
"[15, -13, -28, 8, 12, 15, 42, 24, -72, -140, -103, 338, 464, -192, -446, -200, 180, 312, -121, -363, -648, 1189, 3535, -806, -6016, -2984, 5047, 10505, 5562, -17827, -19789, 10929, 18272, 3521, -7560, -7137, 1430, 4182, 588, -1423, -408, 205, 122, -289, -139, 354, 268, -283, -539, 93, 799, 420, -277, -972, -477, 498, 311, 184, 12, -108, 135, -65, -241, -57, 127, 131, -35, -128, -108, 155, 282, -25, -237, -153, 144, 148, -125, -153, 21, 142, 22, -21, 30, -28, -37, 22, 66, -7, -87, -90, -27, 193, 223, -111, -248, -142, 46, 230, 63, -54, 43, -65, -93, -26, -23, 92, 57, -19, 38, 85, 50, -247, -143, 252, 174, -340, -376, 280, 320, -45, -254, 123, 493, -49, -468, -274]"
"[-15, 15, 15, 4, -25, 3, 64, 52, -66, -177, -150, 355, 504, -151, -429, -245, 150, 310, -103, -346, -830, 989, 3564, 109, -5000, -4474, 2166, 11712, 10228, -16565, -22694, 6422, 17628, 7158, -6502, -8050, 1166, 4306, 688, -1444, -392, 204, 86, -340, -112, 406, 265, -292, -501, 5, 634, 515, -91, -914, -501, 365, 233, 210, 53, -42, 141, -125, -233, -21, 95, 71, -31, -25, -61, 31, 156, 96, -72, -220, -5, 197, 47, -170, -109, 60, 27, 101, 106, -70, -49, -35, -35, 6, 2, 2, -32, 74, 174, -17, -163, -189, -30, 209, 72, -23, 47, -50, -79, -33, -3, 80, 31, -73, -29, 174, 163, -281, -248, 263, 295, -278, -379, 123, 194, 23, -182, 155, 475, -60, -448, -272]"
"[-9, 42, 34, -24, -42, -1, 62, 58, -83, -169, -106, 372, 494, -218, -484, -205, 188, 333, -72, -383, -1017, 802, 3474, 985, -3701, -5624, -592, 11748, 13134, -14089, -23350, 2452, 16350, 9741, -5345, -8945, 443, 4487, 1030, -1234, -420, 22, 62, -268, -96, 395, 316, -339, -660, -13, 734, 679, -34, -1027, -532, 343, 144, 214, 170, 54, 69, -302, -274, 171, 242, -27, -152, -43, -24, 33, 123, 163, -2, -303, -108, 253, 145, -170, -151, 44, 64, 53, -18, -14, 116, 15, -134, -129, 22, 145, 9, -46, 80, 50, -82, -181, -61, 196, 108, -11, 35, -97, -116, -3, 31, 102, 42, -125, -96, 207, 235, -266, -286, 222, 300, -238, -360, 97, 167, 21, -190, 177, 516, -33, -437, -345]"
"[-22, -6, -7, 12, 4, 9, 41, 19, -85, -128, -102, 332, 473, -180, -452, -222, 164, 325, -23, -362, -1169, 334, 2651, 2436, -912, -6476, -3600, 10578, 14923, -11904, -24094, 80, 16233, 11908, -4590, -10476, -501, 4987, 1484, -994, -457, -216, 63, -169, -117, 361, 361, -334, -676, -56, 607, 704, 84, -862, -375, 188, -66, 75, 138, 281, 224, -355, -353, 130, 300, -28, -249, -34, 101, 49, 9, 87, 28, -190, -85, 192, 155, -158, -242, 48, 225, 109, -120, -152, 95, 113, -76, -110, 25, 73, -35, -21, 104, 64, -70, -225, -154, 228, 214, 36, -6, -159, -92, 43, 60, 55, -16, -181, -150, 347, 395, -333, -417, 181, 325, -166, -299, 69, 102, -6, -134, 205, 444, -83, -389, -265]"
"[-50, -2, 20, 47, 1, -23, 31, 60, -33, -170, -174, 309, 482, -107, -400, -266, 114, 304, 17, -293, -1079, -122, 1363, 3213, 1608, -5888, -5373, 8419, 15576, -9533, -24076, -2410, 15329, 14330, -2991, -12034, -1906, 5203, 1953, -569, -457, -441, 118, -84, -206, 272, 426, -228, -638, -202, 409, 762, 226, -730, -317, 105, -117, 0, 97, 359, 258, -385, -390, 176, 364, -18, -231, -94, 46, 49, 33, 80, -43, -176, -19, 257, 157, -222, -240, 66, 208, 101, -72, -162, -25, 61, -18, 61, 109, -58, -140, -21, 133, 137, -15, -259, -186, 174, 164, 103, 101, -185, -224, -9, 111, 182, 50, -243, -221, 293, 430, -232, -425, 64, 304, -46, -231, -10, 28, -15, -123, 242, 437, -75, -340, -264]"
"[-22, 39, 46, -12, -42, -15, 57, 74, -22, -217, -268, 326, 575, -9, -383, -403, 34, 376, 114, -280, -916, -487, 10, 3393, 3490, -4506, -6538, 6160, 16574, -6724, -23987, -6363, 13200, 17740, -209, -13327, -3605, 4735, 2201, 130, -306, -629, 105, -43, -245, 226, 482, -171, -634, -317, 253, 820, 359, -591, -235, -30, -215, -53, 40, 437, 360, -354, -450, 97, 381, 74, -198, -145, 46, 52, 8, 22, -75, -112, 8, 243, 175, -223, -300, 77, 331, 107, -211, -259, 3, 219, 50, -19, 92, -64, -182, -58, 132, 205, 32, -272, -201, 109, 90, 166, 185, -165, -236, -45, 84, 168, 73, -197, -245, 221, 416, -112, -311, -72, 70, -11, -39, 146, 30, -205, -186, 282, 386, -49, -248, -203]"
"[11, 34, 11, -33, -34, 13, 44, 68, 21, -190, -285, 236, 522, 69, -329, -412, 35, 371, 117, -261, -484, -691, -1518, 2603, 4348, -1773, -5965, 3589, 16252, -4341, -22751, -9563, 10421, 19854, 2327, -13502, -4720, 3848, 2057, 802, -43, -749, 72, 77, -202, 36, 375, -2, -416, -434, -56, 744, 500, -327, -169, -201, -266, -11, 42, 364, 330, -230, -350, -12, 238, 78, -128, -61, 48, 36, 93, -27, -225, -171, 45, 385, 226, -302, -318, 91, 302, 93, -192, -216, 26, 198, 56, -46, 29, -53, -113, -26, 86, 164, 77, -221, -232, 12, 28, 282, 315, -184, -302, -116, 72, 224, 129, -213, -326, 166, 445, 8, -258, -158, 18, -2, -29, 177, 79, -232, -240, 261, 393, -41, -261, -169]"
"[-42, -12, 19, 28, -16, -14, 50, 66, -12, -207, -270, 296, 559, 9, -377, -404, 46, 370, 92, -184, -79, -694, -2134, 1537, 3572, 104, -4206, 2972, 15360, -4641, -22434, -9531, 10073, 20085, 2976, -13680, -5241, 3463, 1901, 1268, 290, -869, -145, 112, -47, 6, 286, 32, -288, -504, -294, 714, 666, -114, -170, -415, -321, 144, 157, 224, 161, -179, -263, 35, 250, 41, -169, -83, 26, 106, 192, -13, -205, -279, -105, 394, 366, -196, -424, -75, 323, 302, -135, -350, 49, 280, 9, -232, -52, 137, -17, -80, 63, 166, 84, -216, -224, -13, 5, 292, 322, -191, -315, -75, 109, 167, 78, -145, -251, 119, 397, -8, -292, -137, 61, 34, -13, 145, 58, -236, -230, 242, 348, -6, -200, -171]"
"[-29, 57, 52, -10, -36, -19, 53, 62, -54, -188, -189, 336, 529, -91, -409, -325, 83, 335, 36, -144, 252, -438, -2036, 125, 1574, 1582, -1395, 3425, 13550, -6700, -22278, -6927, 11385, 18546, 2008, -13710, -5125, 3618, 1774, 1298, 427, -776, -188, 55, 30, 22, 211, -14, -249, -473, -349, 680, 707, -59, -187, -459, -320, 216, 247, 141, 28, -205, -231, 117, 280, 31, -144, -137, -96, 130, 312, 74, -223, -386, -125, 444, 368, -218, -401, -47, 307, 238, -137, -290, 23, 180, -44, -77, 96, 80, -111, -147, 69, 239, 96, -248, -223, -11, -11, 286, 318, -158, -263, -111, 54, 166, 97, -150, -284, 135, 431, 23, -268, -171, 40, 8, -54, 172, 97, -213, -245, 213, 378, 47, -193, -258]"
"[-6, -38, -39, 23, 19, 27, 59, 19, -69, -178, -179, 351, 534, -127, -442, -282, 137, 319, -56, -181, 314, 55, -943, -929, -990, 1379, 472, 5494, 13173, -9003, -22704, -4991, 12417, 17178, 870, -13274, -4487, 3875, 1719, 944, 286, -640, -104, 46, 14, 19, 245, -28, -320, -511, -307, 795, 756, -188, -317, -414, -214, 279, 230, 22, -53, -123, -125, 127, 225, -11, -102, -140, -165, 128, 349, 115, -212, -405, -131, 428, 368, -207, -429, -73, 326, 297, -128, -352, -15, 237, 17, -84, 77, 37, -144, -128, 67, 257, 145, -237, -230, -30, -18, 232, 254, -84, -158, -99, 2, 54, 28, -37, -156, 150, 384, -106, -345, -57, 150, -10, -126, 123, 115, -149, -240, 170, 387, 92, -176, -342]"
"[-23, 2, 6, 23, 7, -14, 23, 51, -13, -169, -210, 303, 524, -82, -434, -300, 148, 352, -54, -262, -5, 351, 396, -781, -2429, -314, 789, 7652, 13186, -10700, -22820, -3369, 12841, 15830, 181, -12411, -3798, 3844, 1673, 527, 5, -535, -12, 135, 30, -23, 259, 1, -360, -614, -331, 956, 881, -314, -484, -389, -95, 320, 169, 18, -6, -161, -131, 194, 232, -107, -109, -77, -189, 43, 289, 226, -107, -412, -146, 385, 325, -228, -409, 35, 412, 162, -264, -320, 18, 271, 70, -66, 28, -53, -150, -17, 128, 203, 101, -263, -245, 24, 54, 199, 177, -111, -132, -57, -3, 41, 6, -28, -70, 184, 290, -247, -327, 141, 237, -173, -271, 136, 179, -9, -152, 39, 278, 90, -182, -291]"
"[-10, 0, -9, -5, -15, 22, 67, 63, 0, -221, -291, 272, 531, 57, -319, -399, 32, 339, 18, -223, -385, 243, 1150, 258, -2266, -2299, -176, 8842, 13368, -11240, -22567, -2440, 12761, 14741, -139, -11431, -3201, 3589, 1556, 243, -167, -446, 5, 175, 89, -4, 263, -40, -420, -623, -271, 1015, 856, -381, -475, -343, -94, 280, 151, 51, 10, -149, -80, 145, 131, -113, -75, -19, -133, 37, 243, 130, -147, -295, -41, 328, 182, -250, -265, 171, 355, -70, -354, -123, 185, 271, 26, -251, -115, 80, -42, 46, 189, 100, -47, -250, -111, 130, 46, 24, 76, -21, -81, -60, 2, 70, 1, -76, -58, 238, 295, -294, -331, 148, 219, -174, -277, 140, 186, 33, -111, 9, 246, 70, -169, -277]"
"[-18, -5, -5, 23, 5, -4, 29, 55, 16, -171, -263, 228, 483, 59, -292, -358, 47, 309, 53, -209, -633, -192, 905, 1875, -368, -4020, -2024, 8889, 13213, -11200, -21935, -1157, 12806, 13205, -664, -10355, -2577, 3285, 1362, 87, -207, -361, 22, 126, 62, 32, 240, -53, -361, -482, -179, 782, 645, -293, -360, -280, -96, 196, 83, 120, 112, -156, -130, 97, 135, -89, -118, -30, -55, 100, 185, 6, -183, -161, 55, 296, 150, -274, -218, 135, 211, -96, -305, 34, 279, 176, -35, -233, -71, 42, -84, 52, 185, 121, -26, -255, -113, 127, 38, 21, 77, -9, -45, -64, -58, 36, 36, -10, -54, 197, 279, -291, -288, 173, 187, -263, -323, 217, 234, 18, -151, 34, 322, 63, -223, -319]"
"[-32, 39, 57, -4, -49, -29, 43, 89, -4, -195, -230, 282, 507, -24, -372, -328, 105, 340, 39, -176, -124, -760, -1693, 2336, 3368, -1790, -2656, 5148, 11121, -10689, -21266, 1290, 13958, 11189, -1993, -9703, -1883, 3453, 1294, -80, -159, -399, -104, 25, 73, 189, 225, -172, -415, -299, 64, 719, 488, -449, -371, -196, -128, 223, 161, 118, 54, -176, -77, 124, 100, -153, -160, 55, 63, 93, 113, -85, -189, -87, 73, 285, 168, -316, -314, 153, 268, -2, -206, -16, 201, 62, -74, -124, -51, -2, -83, 97, 194, 116, 10, -297, -186, 162, 104, 19, 60, -40, -85, -56, -18, 52, 3, -3, 8, 173, 212, -296, -284, 232, 296, -314, -470, 179, 315, 89, -183, 2, 339, 46, -247, -279]"
"[7, 25, 19, -19, -39, 6, 76, 51, -77, -196, -178, 369, 561, -113, -454, -332, 111, 379, 6, -125, 662, -284, -2474, -847, 771, 3508, 3652, 2224, 4902, -12593, -18893, 6080, 15356, 7953, -3521, -9442, -1775, 3922, 1509, -64, -96, -468, -129, -87, -7, 262, 298, -206, -499, -330, 66, 827, 580, -504, -466, -248, -101, 356, 208, -7, 8, -117, -57, 75, 23, -108, -65, 80, 57, 93, 153, -201, -328, -29, 155, 291, 82, -278, -159, 170, 185, -89, -173, -10, 87, 84, 14, -66, -18, 1, -47, 0, 91, 92, -37, -197, -81, 189, 115, -39, 7, -57, -52, -31, -94, 38, 97, 96, 33, -9, 44, -198, -132, 268, 221, -381, -454, 240, 368, 79, -251, -77, 348, 159, -220, -308]"
"[-25, 0, -1, 22, 12, 12, 58, 13, -86, -158, -126, 345, 489, -155, -429, -238, 143, 300, -107, -145, 253, 370, 447, -937, -2988, -388, 3389, 8014, 7971, -15077, -20942, 5580, 15906, 9222, -3015, -10456, -2538, 4111, 1774, 94, -115, -377, 25, -274, -182, 325, 346, -209, -421, -279, -18, 682, 547, -401, -450, -200, 6, 308, 92, -69, 49, 4, -27, -48, -73, -2, 126, 42, -182, -45, 261, 99, -257, -243, 141, 348, 1, -377, -150, 337, 265, -212, -270, 21, 137, 121, 12, -105, -50, 24, 17, 8, 23, 29, -8, -134, -127, 149, 166, 52, 35, -175, -119, 42, -26, -18, 25, 99, 7, 53, 188, -178, -206, 106, 123, -253, -325, 259, 309, 34, -172, -81, 246, 123, -219, -248]"
"[-9, 26, 22, 6, -13, -8, 50, 40, -79, -166, -134, 355, 503, -161, -450, -256, 136, 336, -57, -191, -24, -95, -662, 1059, 1546, -1285, -1214, 4972, 9416, -10851, -20482, 2589, 14754, 11016, -1718, -11124, -3350, 3882, 1847, 452, -71, -395, 152, -255, -292, 246, 457, -127, -499, -415, -44, 833, 664, -485, -585, -185, 117, 341, 46, -117, 63, -12, -118, 12, 91, 7, 0, -61, -165, 72, 312, 32, -344, -222, 242, 406, -6, -477, -199, 317, 166, -97, -65, 31, 37, 6, 18, -24, -7, -49, -106, 48, 160, 99, -27, -271, -212, 216, 227, 56, -3, -167, -99, 68, 69, -37, -76, -23, -84, 202, 378, -137, -299, -59, 132, -104, -269, 137, 193, 72, -63, -44, 129, 62, -121, -143]"
"[24, 6, -19, -14, 3, 18, 41, 33, -48, -168, -187, 310, 498, -73, -387, -292, 113, 311, -84, -159, 527, -193, -2236, -328, 1470, 2085, 160, 3628, 11232, -10023, -22321, -1774, 12924, 15158, 951, -12132, -4658, 3277, 2074, 980, -208, -553, 343, -21, -324, -6, 366, 78, -281, -547, -285, 819, 791, -402, -632, -220, 164, 395, 69, -227, -25, 63, -83, -30, 100, 99, 34, -162, -204, 110, 320, 25, -327, -240, 161, 437, 126, -466, -323, 261, 263, -29, -123, -11, 114, -48, -185, 52, 223, 24, -167, -108, 76, 178, 90, -240, -282, 95, 169, 187, 141, -190, -196, -12, 73, 43, -20, -40, -144, 94, 304, 45, -116, -146, -51, -96, -71, 227, 122, -132, -111, 55, 98, 38, -48, -65]"
"[-28, -6, 2, 25, 5, -2, 30, 47, 2, -167, -238, 253, 498, 13, -347, -357, 81, 346, -121, -189, 769, 428, -1205, -2237, -1623, 2552, 618, 5495, 14362, -8631, -23155, -6877, 10493, 18767, 3523, -12814, -5855, 2515, 2201, 1715, -133, -996, 198, 357, -74, -239, 78, 140, 25, -432, -479, 545, 774, -183, -570, -240, 168, 361, 109, -220, -87, 18, -74, 2, 96, 101, 51, -145, -215, 28, 239, 189, -72, -354, -160, 327, 271, -159, -251, -18, 137, 146, -35, -146, 46, 97, -87, -67, 136, 24, -205, -64, 167, 225, 84, -323, -328, 134, 219, 172, 99, -170, -186, -31, 118, 96, -41, -140, -165, 140, 284, 64, -67, -167, -111, -75, -8, 255, 99, -187, -81, 105, 42, -42, -3, 42]"
"[-11, 46, 26, -17, -22, 6, 50, 36, -45, -162, -190, 286, 479, -48, -368, -308, 98, 330, -144, -238, 374, 868, 609, -2251, -3266, 549, -549, 7226, 16253, -7069, -22863, -9964, 8491, 20760, 5694, -12905, -6789, 1349, 1894, 2650, 405, -1362, -273, 476, 279, -158, -157, -33, 214, -138, -447, 155, 468, -11, -270, -42, 83, -34, -12, 144, 152, -199, -309, 26, 195, 171, 45, -148, -218, -12, 301, 226, -215, -469, -105, 566, 412, -316, -395, -44, 201, 180, -97, -127, 126, 60, -185, -85, 155, 175, -25, -192, -29, 134, 71, -158, -221, 90, 178, 138, 78, -147, -150, -34, 65, 93, 16, -77, -135, 24, 160, 102, 13, -98, -106, -130, -17, 259, 63, -190, -27, 167, 29, -159, -71, 149]"
"[7, 1, 4, -18, -42, 17, 82, 62, -39, -202, -226, 309, 531, -41, -402, -345, 109, 367, -128, -297, 0, 893, 1508, -1502, -3565, -1136, -1174, 8239, 16540, -7034, -22762, -10286, 7965, 21285, 6675, -12664, -6833, 317, 1046, 3054, 1035, -1117, -522, 177, 314, 46, -86, -114, 138, -133, -376, 122, 265, 94, 147, 1, -256, -397, -1, 558, 310, -415, -470, 86, 281, 196, 37, -122, -146, -73, 191, 180, -177, -334, -50, 426, 297, -254, -283, -5, 113, 52, -94, 50, 210, -28, -261, -125, 199, 300, -4, -383, -167, 263, 195, -121, -229, -3, 142, 189, 108, -194, -216, 2, 135, 131, 17, -152, -170, 61, 172, 90, 35, -91, -143, -181, -65, 357, 228, -225, -170, 93, 82, -89, -108, 125]"
"[2, -6, -13, 9, 8, 3, 29, 39, -32, -166, -208, 303, 518, -62, -395, -318, 104, 337, -111, -299, -296, 651, 1720, -46, -2279, -3455, -3503, 9355, 17788, -6765, -22664, -10622, 7300, 21264, 7195, -12115, -6522, -253, 413, 2918, 1261, -653, -448, -117, 198, 150, 8, -175, 17, -134, -401, 206, 453, 203, 158, -316, -515, -222, 222, 592, 210, -487, -440, 124, 296, 174, -8, -150, -151, -9, 225, 180, -136, -340, -85, 342, 269, -174, -249, -58, 58, 106, -25, 48, 213, -53, -301, -163, 189, 348, 3, -379, -134, 281, 219, -167, -279, -29, 124, 231, 128, -162, -173, -45, 81, 140, 54, -155, -215, 45, 166, 157, 118, -100, -170, -267, -162, 411, 349, -183, -245, 19, 111, -27, -106, 97]"
"[2, 41, 25, -33, -50, 4, 69, 75, -32, -199, -208, 312, 508, -72, -398, -299, 116, 333, -89, -298, -236, 280, 270, 1052, 1742, -3418, -7611, 6298, 19008, -2810, -21813, -12804, 6315, 21745, 7557, -11994, -6404, -172, 356, 2540, 1071, -365, -250, -144, 147, 100, -8, -174, 47, -114, -476, 194, 589, 250, 37, -435, -455, -89, 182, 449, 162, -337, -333, 95, 285, 119, -77, -135, -79, 6, 123, 153, -36, -256, -120, 258, 283, -115, -222, -122, -22, 104, 20, 127, 234, -125, -328, -140, 179, 334, 3, -353, -148, 310, 311, -181, -335, -89, 99, 255, 144, -129, -170, -87, 52, 196, 122, -178, -244, 3, 132, 174, 122, -68, -109, -269, -215, 309, 303, -42, -159, -49, 75, -13, -96, 83]"
"[-44, -14, 11, 41, 4, -21, 31, 45, -41, -170, -201, 323, 548, -80, -445, -340, 128, 377, -77, -315, 81, 190, -1421, 79, 3116, 1144, -4484, 675, 13718, -2143, -20318, -9932, 7850, 20501, 6633, -12635, -6575, 446, 699, 2391, 883, -389, -151, -107, 77, 56, 37, -112, 42, -177, -477, 239, 615, 208, -15, -478, -489, 4, 257, 416, 129, -345, -339, 103, 312, 134, -116, -191, -71, 117, 198, 54, -122, -266, -120, 304, 291, -124, -205, -86, -8, 40, -14, 177, 257, -158, -307, -106, 140, 258, 13, -254, -118, 221, 241, -139, -275, -62, 87, 211, 144, -115, -182, -86, 70, 188, 101, -164, -239, -15, 129, 230, 178, -142, -201, -239, -137, 320, 270, -51, -152, -90, 50, 61, -62, 33]"
"[-18, -15, 0, 22, -11, -13, 38, 77, -9, -180, -194, 286, 473, -92, -411, -267, 152, 328, -98, -307, 284, 461, -1130, -1881, -802, 4175, 2591, 1387, 9370, -7170, -20604, -5468, 9832, 19026, 5438, -13161, -6580, 1177, 1048, 2215, 710, -497, -127, 39, 123, -57, -8, -47, 30, -233, -433, 328, 580, 117, 1, -412, -468, -22, 225, 396, 126, -307, -316, 120, 347, 75, -198, -186, -52, 178, 275, 60, -161, -386, -164, 425, 350, -212, -281, -7, 78, 7, -55, 180, 263, -197, -361, -35, 241, 250, -40, -306, -94, 240, 179, -156, -228, -5, 94, 182, 137, -160, -223, -10, 146, 138, 26, -134, -139, -16, 53, 132, 105, -15, -59, -227, -161, 233, 202, -38, -110, -55, 26, 48, -21, 32]"
"[7, 24, 0, -23, -22, 20, 70, 37, -84, -169, -110, 341, 450, -193, -443, -191, 191, 308, -110, -311, 190, 773, 551, -2598, -4864, 2457, 4985, 6893, 10781, -12085, -22838, -3378, 11476, 18447, 4410, -13491, -6397, 1745, 1269, 2022, 575, -573, -113, 101, 101, -89, 21, 11, -17, -309, -351, 454, 536, -69, -22, -264, -441, -112, 174, 459, 195, -296, -300, 47, 244, 102, -99, -159, -127, 130, 312, 114, -158, -404, -147, 387, 277, -160, -165, -45, -64, 9, 63, 202, 154, -191, -230, -31, 143, 220, 14, -294, -161, 230, 224, -106, -226, -51, 88, 202, 147, -178, -255, 17, 217, 123, -64, -181, -126, 92, 144, 88, 49, -95, -132, -161, -62, 288, 183, -141, -143, -2, 49, 53, -15, 22]"
"[1, -16, -33, 12, 6, 27, 70, 31, -79, -183, -153, 352, 508, -155, -440, -255, 152, 313, -120, -285, -46, 906, 1903, -1974, -5893, -751, 3081, 10657, 13712, -13178, -24117, -3905, 11544, 18865, 4607, -13587, -6499, 1736, 1342, 2027, 558, -670, -209, 176, 187, -78, 7, -15, -63, -331, -318, 568, 581, -190, -73, -198, -402, -185, 97, 512, 238, -283, -277, 57, 228, 42, -114, -92, -85, 82, 263, 128, -131, -395, -158, 392, 310, -168, -207, -91, -90, 105, 177, 151, 46, -247, -216, 49, 175, 203, 5, -330, -184, 294, 298, -154, -309, -90, 73, 315, 265, -240, -346, -29, 208, 171, -23, -194, -190, 107, 245, 116, 2, -174, -141, -133, -92, 300, 225, -131, -146, 2, 51, 9, -49, 70]"
"[-8, 40, 33, -7, -28, -11, 59, 59, -56, -183, -172, 330, 499, -108, -412, -275, 141, 319, -119, -317, -313, 910, 2495, -945, -4917, -3246, -267, 11900, 16372, -11668, -24159, -5921, 10165, 19542, 5660, -13041, -6628, 1138, 1215, 2165, 609, -736, -328, 254, 314, -78, -82, -54, -17, -287, -321, 563, 582, -224, -75, -158, -379, -222, 49, 505, 246, -239, -218, 59, 177, -29, -94, -15, -90, 23, 257, 158, -150, -407, -121, 439, 314, -252, -261, -27, -3, 87, 74, 109, 135, -143, -247, -74, 146, 263, 4, -298, -115, 262, 235, -183, -308, -29, 125, 269, 194, -226, -297, -14, 180, 166, 18, -173, -199, 41, 194, 167, 43, -171, -132, -123, -97, 274, 235, -130, -183, 3, 85, 26, -63, 33]"
"[-8, 9, -6, 12, 7, 9, 48, 27, -57, -158, -165, 309, 490, -109, -421, -271, 144, 336, -74, -338, -545, 740, 2401, 115, -2910, -4429, -3302, 10720, 17385, -8649, -22810, -8094, 8090, 19872, 6958, -12034, -6642, 229, 912, 2259, 650, -628, -354, 256, 388, -58, -103, -113, -30, -266, -348, 571, 625, -213, -104, -139, -314, -274, -15, 534, 272, -298, -302, 156, 336, -72, -251, -49, 37, 93, 163, 43, -148, -262, -44, 372, 272, -276, -282, 10, 27, 55, 32, 162, 206, -204, -339, -38, 221, 244, -62, -259, -21, 227, 151, -203, -276, 5, 112, 241, 208, -184, -281, -79, 137, 199, 13, -173, -145, 75, 133, 89, 80, -62, -89, -226, -191, 250, 223, -21, -101, -5, 86, -44, -127, 66]"
"[19, -5, -24, -2, -1, 14, 53, 40, -53, -171, -180, 307, 489, -79, -388, -292, 124, 322, -67, -342, -655, 588, 2023, 766, -1263, -4357, -4453, 8592, 16287, -6370, -20836, -8837, 6356, 19583, 8023, -11083, -6652, -498, 671, 2254, 740, -496, -491, 150, 456, 94, -87, -194, -14, -220, -366, 472, 574, -130, -82, -118, -258, -300, -64, 539, 336, -329, -408, 142, 395, 9, -242, -95, 39, 79, 127, 60, -106, -259, -73, 347, 270, -254, -254, 26, 36, -5, -35, 184, 267, -145, -335, -128, 173, 310, 12, -280, -88, 196, 193, -128, -254, -87, 21, 276, 272, -126, -277, -146, 110, 244, 53, -201, -178, 69, 148, 89, 44, -45, -25, -214, -247, 211, 275, 21, -141, -58, 83, -4, -107, 84]"
"[-3, 27, 22, -17, -35, 2, 53, 55, -44, -156, -148, 285, 440, -105, -366, -247, 117, 279, -67, -301, -642, 448, 1619, 1016, -398, -3800, -4307, 6771, 14172, -4921, -18101, -8543, 4512, 18098, 8575, -9527, -6356, -1217, 449, 2206, 791, -409, -651, 57, 555, 293, -61, -355, -55, -124, -323, 371, 494, -105, -122, -27, -27, -281, -241, 331, 385, -131, -456, -25, 389, 227, -106, -249, -98, 75, 172, 105, -157, -284, -14, 423, 276, -330, -269, 38, 4, -4, -8, 221, 292, -173, -378, -158, 172, 373, 43, -326, -110, 220, 188, -139, -203, -78, -50, 211, 273, -23, -209, -200, 65, 216, 34, -162, -141, 68, 134, 65, 15, -26, 9, -189, -244, 182, 283, 36, -144, -115, 32, 47, -53, 73]"
"[2, -24, -26, -13, -24, 36, 79, 36, -77, -168, -143, 330, 489, -145, -428, -260, 139, 319, -59, -326, -642, 353, 1316, 1160, 195, -3505, -4931, 5893, 14634, -3127, -17223, -10911, 2401, 19041, 9849, -8847, -6433, -1800, 343, 2231, 784, -302, -634, -44, 523, 379, -17, -428, -70, -69, -413, 298, 635, 90, -177, -276, -47, -88, -202, 197, 334, -13, -352, -125, 258, 247, -29, -216, -133, 38, 183, 143, -133, -316, -70, 404, 293, -242, -231, -9, 44, -4, -74, 149, 238, -111, -271, -93, 128, 231, 3, -196, -29, 143, 83, -91, -89, -46, -49, 114, 178, 0, -154, -154, 47, 189, 67, -150, -166, 49, 139, 64, 8, -22, -11, -189, -217, 209, 282, 8, -137, -94, 49, -18, -152, 109]"
"[-36, 11, 36, 22, -25, -40, 32, 78, -32, -173, -183, 305, 497, -84, -392, -306, 98, 343, -3, -340, -682, 262, 1130, 1253, 526, -3354, -5645, 5478, 15744, -1369, -16639, -13908, 19, 20399, 11342, -8231, -6629, -2337, 370, 2287, 772, -306, -719, -105, 555, 510, 8, -511, -100, -48, -436, 307, 695, 120, -228, -377, -52, 101, -59, -21, 103, 91, -171, -119, 145, 210, 38, -166, -146, 20, 213, 122, -166, -333, -131, 421, 394, -159, -293, -165, 54, 165, -36, -38, 90, 87, 1, -187, -114, 168, 120, -102, -100, 78, 133, -5, -84, -119, -49, 130, 155, -11, -151, -149, 38, 223, 106, -167, -184, 24, 129, 83, 15, -32, -26, -168, -189, 213, 292, -11, -169, -103, 55, 14, -117, 107]"
"[3, 31, -8, -17, -4, 29, 65, 25, -73, -173, -156, 330, 490, -145, -447, -253, 156, 348, -24, -357, -659, 254, 1106, 1220, 542, -3425, -6512, 5448, 17236, 612, -16047, -17438, -2447, 22154, 12928, -7974, -6983, -2828, 324, 2494, 817, -339, -691, -101, 494, 469, 60, -419, -69, -162, -567, 357, 828, 238, -211, -564, -153, 179, -14, -28, 82, 119, -119, -126, 120, 176, 11, -148, -94, 36, 135, 58, -111, -198, -100, 262, 295, -65, -202, -172, 7, 153, 10, -25, 76, 48, -54, -189, -74, 247, 151, -193, -179, 120, 207, 9, -155, -157, 43, 233, 121, -197, -216, -3, 95, 200, 150, -177, -259, -27, 141, 146, 18, -43, -3, -175, -214, 188, 264, 21, -126, -75, 43, -26, -110, 130]"
"[4, 22, -8, -26, -25, 35, 74, 36, -50, -178, -198, 288, 482, -57, -364, -295, 108, 303, -38, -316, -577, 112, 634, 1347, 1161, -3111, -7088, 4808, 17709, 2147, -15101, -19590, -4462, 23049, 14273, -7623, -7431, -3366, 294, 2808, 951, -361, -721, -204, 446, 546, 104, -453, -109, -124, -528, 311, 775, 296, -138, -596, -214, 198, 71, -43, -16, 101, -46, -93, 95, 123, -31, -119, -53, 63, 119, 48, -54, -198, -161, 201, 276, 29, -121, -228, -86, 168, 93, 9, 51, -52, -108, -100, -36, 208, 137, -129, -114, 67, 133, -18, -143, -96, 77, 198, 86, -180, -162, -30, 4, 187, 202, -93, -227, -97, 112, 168, 37, -75, -54, -154, -174, 212, 263, 9, -127, -100, 53, 12, -102, 76]"
"[-30, -14, 11, 31, -9, -14, 50, 53, -36, -184, -210, 298, 517, -76, -421, -310, 120, 356, 27, -327, -549, -52, 249, 1452, 1673, -2888, -7639, 4297, 17977, 3364, -14107, -20925, -6059, 23147, 15119, -6898, -7584, -3922, 261, 3049, 1010, -423, -745, -230, 425, 559, 111, -444, -93, -109, -545, 233, 718, 421, 6, -647, -347, 121, 121, 82, -25, 20, -21, -38, 98, 56, -85, -79, -1, 46, 60, 79, 28, -204, -211, 161, 272, 84, -70, -282, -200, 172, 189, 133, 93, -205, -184, -45, -31, 174, 150, -68, -110, 21, 142, -9, -169, -127, 43, 250, 145, -171, -165, -53, -19, 150, 166, -16, -123, -110, 57, 77, -12, 3, 17, -154, -201, 171, 240, 28, -111, -48, 120, -54, -204, 57]"
"[-1, 22, 15, -14, -19, -7, 29, 63, -1, -170, -208, 265, 474, -64, -382, -278, 118, 316, -11, -301, -472, -43, 166, 1401, 1789, -2851, -7961, 4069, 18071, 4263, -13067, -21911, -7711, 22889, 15849, -5647, -7304, -4739, -53, 3142, 1097, -321, -756, -333, 424, 600, 56, -472, -54, -4, -441, 89, 472, 420, 158, -427, -283, -87, 41, 149, -32, -36, -16, 71, 129, -35, -103, -17, 4, -36, 31, 163, 74, -253, -260, 157, 273, 141, 6, -304, -261, 121, 181, 177, 134, -201, -228, -93, -30, 239, 198, -63, -104, -57, 69, 37, -97, -115, -5, 213, 157, -125, -136, -68, -37, 122, 146, 17, -66, -132, -23, 48, -7, 80, 102, -140, -230, 46, 188, 133, -70, -105, 93, -12, -163, 48]"
"[-1, -4, -10, -1, -10, 20, 54, 40, -20, -168, -219, 241, 483, -5, -364, -342, 89, 353, 29, -311, -424, -98, -99, 1339, 2110, -2447, -7958, 3294, 17281, 5008, -11634, -21862, -8949, 21784, 16095, -4176, -6811, -5455, -307, 3095, 1040, -213, -686, -382, 354, 626, 111, -449, -54, -18, -425, 15, 356, 456, 190, -337, -189, -120, -16, 129, 4, -63, -80, 91, 186, -12, -104, -61, -35, -26, 72, 201, 57, -353, -334, 277, 398, 109, -46, -327, -248, 92, 116, 195, 163, -95, -92, -206, -193, 196, 198, 22, -47, -19, 91, -40, -139, -105, -16, 215, 180, -80, -128, -142, -75, 180, 180, -14, -89, -108, -6, 38, 1, 71, 73, -148, -228, 51, 180, 178, -12, -138, 39, -26, -144, 76]"
"[-26, -13, 5, 17, -6, 0, 40, 49, -12, -171, -231, 259, 503, -11, -357, -340, 88, 328, -3, -301, -368, -62, -172, 1223, 2176, -2235, -8005, 2836, 16855, 5767, -10468, -22155, -10061, 21052, 16378, -3055, -6543, -6087, -498, 3201, 1056, -156, -640, -438, 345, 624, 51, -492, -66, 114, -271, -52, 219, 325, 118, -150, -40, -141, -34, 103, 0, -156, -192, 184, 289, 14, -129, -94, 7, -36, 1, 185, 108, -328, -382, 277, 461, 120, -93, -373, -217, 161, 102, 94, 121, 1, -47, -233, -202, 206, 220, 19, -54, -59, 61, -11, -117, -107, -33, 218, 193, -66, -102, -144, -93, 133, 132, 21, -34, -68, 11, -23, -53, 65, 73, -90, -175, 29, 140, 152, -9, -124, 28, -6, -111, 79]"
"[4, 32, 29, -18, -43, -10, 63, 74, -40, -185, -169, 296, 464, -116, -407, -241, 153, 320, 1, -327, -386, -69, -194, 1210, 2212, -2148, -7969, 2609, 16461, 6013, -9731, -21933, -10631, 20235, 16431, -2091, -6234, -6644, -740, 3313, 1163, -117, -678, -535, 303, 703, 119, -513, -120, 105, -235, -28, 218, 271, 36, -95, 94, -130, -142, 58, 118, -127, -306, 82, 272, 158, -8, -122, -33, -122, -70, 233, 186, -311, -443, 224, 476, 196, -60, -411, -221, 149, 88, 73, 77, 20, 9, -193, -223, 161, 230, 42, -52, -60, 62, -38, -139, -79, -8, 204, 168, -66, -69, -135, -118, 96, 123, 61, -29, -83, 27, 22, -9, -9, -19, -77, -106, 72, 114, 87, -36, -77, 50, -11, -116, 99]"
"[4, -3, 1, -1, -15, -10, 34, 59, -47, -151, -116, 304, 448, -178, -440, -206, 162, 308, -4, -286, -346, -109, -228, 1197, 2098, -2141, -7582, 2965, 16324, 4842, -10641, -20707, -9392, 20159, 16036, -2717, -6457, -6306, -556, 3336, 1156, -211, -731, -492, 338, 690, 107, -489, -100, 40, -309, 59, 361, 245, -78, -194, 125, 6, -151, -68, 98, 7, -255, 5, 234, 183, 11, -115, -21, -132, -85, 229, 200, -312, -470, 223, 491, 210, -44, -436, -281, 179, 203, 65, -45, -31, 63, -126, -228, 140, 225, 28, -37, -24, 64, -100, -183, -41, 27, 239, 193, -119, -122, -125, -89, 134, 150, 23, -61, -100, -8, 50, 58, 28, -49, -166, -130, 156, 158, 55, -42, -72, 51, -51, -170, 125]"
"[-25, 10, 20, 16, -6, -22, 25, 48, -38, -139, -139, 272, 438, -122, -402, -231, 154, 300, -24, -309, -397, -61, -89, 1280, 1941, -2417, -7420, 3728, 16928, 3461, -12498, -19996, -7677, 21127, 15748, -4264, -7005, -5561, -223, 3331, 1144, -337, -801, -415, 390, 685, 123, -493, -134, -34, -365, 196, 548, 188, -269, -335, 166, 223, -139, -212, 111, 133, -207, -113, 134, 194, 44, -53, 10, -140, -95, 169, 177, -244, -432, 172, 440, 213, -34, -373, -234, 137, 172, 58, -45, -26, 53, -124, -190, 145, 172, -14, -14, 55, 94, -151, -202, -63, -15, 267, 248, -122, -190, -107, 2, 139, 95, -25, -79, -73, 17, 87, 79, -23, -92, -150, -95, 172, 146, 22, -52, -52, 52, -41, -136, 125]"
"[-31, 19, 36, 18, -9, -38, 13, 50, -54, -122, -98, 280, 420, -144, -391, -230, 130, 300, -7, -295, -476, -78, 103, 1485, 1836, -2919, -7576, 4492, 17808, 2655, -14132, -20116, -6374, 22530, 15545, -6016, -7566, -4581, 174, 3265, 1170, -480, -911, -381, 451, 726, 148, -559, -212, -82, -380, 379, 719, 35, -465, -341, 276, 318, -207, -309, 157, 250, -200, -212, 111, 247, 63, -82, -16, -123, -66, 161, 154, -230, -379, 144, 365, 166, -77, -286, -140, 173, 189, -15, -77, -60, -10, -28, -46, 83, 19, -26, 84, 123, 66, -240, -231, 27, 52, 212, 180, -119, -154, -90, -15, 137, 139, -38, -143, -77, 67, 107, 53, -38, -88, -151, -89, 187, 152, 0, -73, -64, 44, -6, -118, 109]"
"[-23, 2, 6, 20, 9, -12, 26, 37, -56, -134, -109, 289, 424, -158, -415, -201, 165, 298, -24, -309, -561, -25, 521, 1644, 1324, -3731, -7416, 6060, 18760, 448, -16882, -18731, -3388, 23574, 14479, -8332, -8074, -3182, 729, 3085, 1024, -698, -960, -184, 532, 658, 137, -549, -267, -137, -325, 527, 759, -112, -514, -327, 246, 347, -198, -323, 159, 314, -147, -258, 91, 229, 30, -102, -35, -49, 26, 119, 66, -239, -326, 178, 390, 123, -153, -307, -117, 227, 200, -21, -83, -82, -21, -5, -17, 110, 61, -91, 1, 110, 78, -178, -198, -4, 22, 222, 225, -119, -203, -113, 7, 182, 162, -75, -191, -94, 80, 158, 71, -45, -61, -175, -145, 169, 150, 50, -32, -65, 52, -29, -144, 85]"
"[-14, -26, -20, 27, 17, 18, 60, 6, -101, -145, -96, 316, 413, -170, -391, -172, 175, 257, -70, -306, -618, 101, 962, 1606, 549, -4270, -6618, 7691, 19195, -2617, -19899, -16178, 303, 23960, 12879, -10473, -8311, -1760, 1192, 2831, 890, -865, -996, -15, 615, 560, 74, -512, -268, -152, -260, 611, 772, -234, -552, -328, 192, 381, -166, -309, 163, 316, -144, -246, 105, 207, 39, -102, -85, -60, 88, 152, 0, -282, -264, 242, 384, 63, -152, -298, -156, 189, 205, 62, -73, -161, -58, 101, 82, 60, 13, -123, -14, 126, 93, -200, -265, 52, 153, 222, 117, -204, -152, 12, 22, 47, 102, 4, -177, -112, 109, 205, 54, -127, -67, -87, -111, 95, 111, 86, -11, -85, 31, -2, -130, 66]"
"[2, 23, 6, -2, -1, -7, 30, 27, -80, -120, -59, 308, 393, -239, -458, -113, 241, 281, -76, -361, -697, 230, 1422, 1455, -321, -4573, -5844, 8657, 19026, -4057, -20822, -14848, 1941, 23792, 11892, -11407, -8333, -982, 1443, 2696, 796, -975, -984, 101, 652, 500, 50, -525, -296, -124, -202, 608, 702, -259, -482, -284, 107, 307, -110, -171, 177, 177, -194, -132, 185, 120, -46, -59, -33, -101, 31, 227, 55, -321, -250, 271, 356, -34, -249, -175, 73, 206, 41, -135, -63, 37, -8, -20, 15, 111, 32, -110, 8, 134, 110, -221, -297, 39, 161, 241, 116, -226, -189, 53, 102, 61, 85, -86, -269, -45, 232, 231, 18, -190, -84, -103, -146, 142, 155, 99, -14, -97, 52, -17, -159, 45]"
"[-32, -5, 8, 26, -8, -9, 60, 35, -107, -122, -16, 307, 339, -271, -434, -43, 255, 215, -119, -319, -669, 381, 1895, 1012, -1613, -4508, -4466, 9370, 18037, -5101, -20410, -13649, 2388, 22939, 11221, -11428, -8169, -608, 1602, 2590, 698, -1089, -1004, 215, 725, 460, -25, -550, -254, -56, -162, 528, 610, -250, -423, -241, 82, 251, -111, -106, 211, 115, -230, -99, 224, 107, -104, -71, 34, -40, -8, 112, 14, -199, -147, 230, 315, -64, -263, -246, -67, 373, 324, -152, -255, -115, 43, 136, 29, 9, -2, -82, 28, 156, 114, -260, -328, 40, 155, 308, 208, -273, -280, 4, 105, 122, 93, -88, -253, -34, 256, 204, -51, -205, -16, -36, -189, 54, 173, 171, -20, -156, 33, 46, -95, 8]"
"[-13, 6, 9, -8, -34, 17, 80, 23, -119, -116, -5, 302, 334, -269, -435, -55, 260, 239, -117, -354, -641, 579, 2224, 315, -2887, -3840, -3047, 9690, 17792, -5818, -20940, -13626, 2777, 23301, 10973, -11717, -8075, -355, 1665, 2495, 664, -1127, -1041, 279, 822, 432, -111, -609, -263, 49, -56, 504, 574, -356, -545, -188, 200, 357, -104, -224, 174, 142, -224, -111, 196, 132, -34, -105, -82, -23, 125, 125, -94, -253, -112, 284, 265, -50, -75, -186, -219, 78, 219, 191, 3, -231, -127, 40, 42, 119, 33, -83, 21, 105, 114, -211, -319, 4, 130, 300, 207, -228, -253, -21, 94, 132, 107, -115, -279, -26, 254, 215, -29, -213, -49, -26, -147, 72, 166, 155, -9, -177, -12, 60, -57, 18]"
"[-32, 20, 30, 24, 0, -38, 7, 45, -56, -94, -25, 270, 323, -262, -427, -36, 267, 225, -136, -353, -500, 731, 2132, -449, -3413, -2617, -2111, 8755, 17065, -5269, -20414, -13982, 2252, 23389, 11348, -11486, -8144, -535, 1713, 2451, 579, -1104, -1041, 273, 817, 486, -55, -632, -306, -1, -101, 596, 721, -393, -689, -287, 183, 521, 59, -277, 38, 69, -163, -26, 169, 61, -63, -41, -32, -34, 119, 107, -147, -254, -30, 355, 253, -211, -220, -45, -10, 84, 107, 61, -35, -117, -33, 16, 23, 91, -26, -153, -7, 264, 222, -263, -335, -25, 120, 259, 139, -211, -220, 48, 141, 81, 52, -95, -201, -44, 153, 180, 19, -116, -8, -111, -211, 96, 200, 127, -44, -137, 29, 37, -93, 2]"
"[-2, 7, -4, -20, -35, 32, 91, 35, -95, -141, -45, 285, 339, -221, -403, -85, 232, 243, -133, -344, -258, 808, 1644, -1222, -3385, -1268, -2421, 7648, 18188, -3090, -19961, -17233, 24, 24762, 12756, -10670, -8149, -1443, 1416, 2638, 646, -989, -975, 153, 698, 549, 58, -617, -340, -47, -146, 584, 744, -300, -632, -373, 87, 545, 152, -262, -67, 29, -105, 59, 211, 29, -90, -118, -58, 20, 99, 108, -89, -219, -65, 300, 290, -139, -239, -161, -32, 225, 197, -47, -109, -119, -49, 31, 12, 141, 66, -169, -91, 211, 250, -181, -289, -87, 40, 268, 217, -165, -259, -48, 106, 158, 84, -83, -152, -89, 55, 174, 99, -76, -92, -161, -139, 200, 204, 17, -79, -88, 45, 22, -119, 12]"
"[-39, 2, 19, 25, -6, -19, 39, 40, -78, -120, -40, 293, 367, -253, -442, -94, 219, 259, -111, -301, -77, 717, 1135, -1481, -2957, -505, -2835, 6522, 18136, -960, -17902, -19370, -3060, 24556, 14264, -8649, -7888, -2943, 939, 2937, 712, -889, -907, 97, 637, 553, 85, -591, -310, -61, -228, 524, 773, -157, -565, -477, 5, 584, 258, -293, -190, 6, -43, 106, 185, 10, -81, -92, -16, -19, -16, 121, 68, -148, -170, 129, 277, 47, -147, -285, -162, 271, 300, -16, -132, -158, -76, 36, 49, 152, 31, -182, -61, 218, 200, -192, -228, -31, 15, 162, 182, -63, -185, -101, 59, 150, 71, -71, -111, -61, 37, 129, 104, -40, -113, -205, -126, 279, 229, -67, -109, -43, 39, -10, -116, 66]"
"[-8, 35, 31, -21, -38, 6, 70, 31, -104, -122, -17, 309, 356, -275, -453, -76, 239, 267, -108, -335, -62, 694, 936, -1492, -2525, -215, -3504, 5340, 17724, 1758, -14828, -21511, -6610, 23427, 15195, -5857, -6974, -4411, 300, 3006, 776, -706, -834, 8, 582, 581, 112, -601, -318, -73, -288, 517, 818, -66, -508, -549, -80, 578, 342, -269, -282, -48, 3, 198, 210, -72, -129, -53, -12, -49, -23, 221, 194, -233, -328, 46, 291, 233, -12, -386, -292, 212, 320, 114, -72, -256, -151, 77, 108, 137, -19, -156, -17, 194, 180, -168, -241, -78, 27, 248, 215, -137, -233, -99, 51, 200, 109, -75, -85, -84, -22, 83, 84, 37, -46, -222, -167, 263, 250, -50, -105, -51, 39, -51, -167, 95]"
"[5, 4, -24, -2, 11, 33, 59, -6, -117, -114, -28, 322, 387, -251, -437, -117, 207, 257, -117, -299, 89, 594, 339, -1571, -1818, 630, -3551, 3949, 16892, 3106, -12941, -22061, -8572, 22007, 15315, -3407, -5762, -5587, -407, 2870, 790, -413, -692, -125, 465, 616, 182, -599, -346, -61, -264, 454, 754, -6, -448, -577, -138, 613, 414, -269, -307, -83, -14, 212, 223, -93, -178, -16, 70, -26, -54, 134, 159, -157, -273, 11, 222, 236, 67, -325, -305, 83, 228, 215, 44, -249, -195, 2, 84, 190, 9, -169, -33, 198, 207, -157, -256, -121, 13, 292, 250, -155, -264, -125, 61, 247, 101, -128, -71, -16, -1, -8, 8, 95, 33, -198, -190, 202, 233, -17, -90, -39, 50, -83, -197, 134]"
"[-31, -15, 5, 27, -9, -12, 44, 46, -71, -133, -71, 301, 403, -215, -434, -141, 214, 265, -122, -311, 119, 509, -15, -1438, -1299, 1029, -3226, 3308, 15926, 2713, -12436, -20634, -8364, 20145, 14220, -1730, -4391, -6118, -991, 2597, 800, -194, -627, -222, 406, 672, 233, -614, -378, -67, -225, 449, 680, -43, -419, -494, -125, 557, 402, -240, -272, -113, -63, 203, 222, -57, -134, -28, 16, -51, -10, 188, 133, -250, -305, 141, 328, 152, -25, -314, -255, 58, 140, 259, 144, -229, -219, -55, 35, 211, 65, -131, -44, 123, 169, -123, -234, -97, 36, 260, 217, -121, -197, -180, -41, 260, 160, -93, -72, -19, -3, -59, -20, 167, 96, -254, -269, 206, 285, 29, -88, -90, 20, -80, -185, 160]"
"[-3, 4, 16, -2, -20, -19, 29, 54, -62, -130, -62, 310, 414, -255, -491, -125, 242, 301, -86, -321, 119, 348, -448, -1172, -537, 1394, -3139, 2470, 15129, 2600, -12239, -19649, -7951, 19201, 13575, -1030, -3756, -6348, -1236, 2473, 754, -71, -510, -299, 270, 691, 325, -588, -427, -68, -156, 425, 592, -45, -339, -468, -205, 506, 438, -136, -215, -189, -113, 182, 195, -34, -112, 2, 43, -63, -22, 161, 103, -269, -322, 229, 405, 88, -107, -299, -185, 74, 95, 226, 155, -202, -194, -50, 11, 156, 49, -58, 3, 88, 134, -125, -223, -76, 39, 222, 183, -95, -171, -172, -67, 248, 208, -54, -116, -84, 25, 13, -30, 108, 110, -212, -277, 154, 269, 77, -58, -111, 15, -101, -238, 174]"
"[-8, 24, 11, -3, -3, 2, 48, 21, -92, -135, -73, 310, 402, -203, -415, -162, 175, 284, -63, -312, 3, 200, -758, -495, 728, 1208, -3595, 1679, 14477, 2124, -12827, -18114, -6622, 18802, 13088, -1294, -3683, -6351, -1368, 2496, 820, 22, -483, -383, 233, 735, 354, -627, -471, -55, -143, 479, 667, -83, -418, -515, -178, 590, 450, -214, -257, -134, -65, 182, 180, -58, -108, 9, 33, -64, -3, 161, 67, -287, -300, 282, 441, 37, -154, -307, -185, 102, 131, 214, 101, -215, -161, -10, 11, 137, 60, -75, -27, 105, 152, -138, -242, -43, 78, 209, 180, -122, -225, -168, -27, 284, 210, -79, -126, -100, 7, 46, 7, 97, 88, -229, -280, 173, 277, 74, -48, -127, -30, -106, -215, 226]"
"[-13, -11, 4, 27, 0, -16, 37, 34, -85, -135, -60, 326, 406, -254, -468, -105, 246, 267, -119, -343, -210, 173, -540, 417, 1856, 9, -4664, 1695, 14339, 1003, -14518, -15791, -3790, 18959, 12468, -3066, -4448, -5675, -1042, 2628, 862, -59, -551, -362, 312, 748, 304, -677, -481, -29, -102, 550, 721, -223, -585, -470, -37, 686, 416, -329, -268, -93, -63, 171, 160, -39, -48, 7, -34, -104, 28, 220, 56, -326, -280, 332, 460, -40, -218, -277, -167, 151, 206, 193, 40, -288, -181, 74, 59, 107, 34, -65, 16, 83, 83, -169, -218, 30, 84, 174, 190, -123, -250, -140, 26, 255, 170, -98, -156, -84, 49, 99, 19, 32, 63, -200, -249, 159, 257, 55, -71, -109, -21, -81, -190, 215]"
"[0, 30, 22, -12, -32, 4, 71, 42, -94, -154, -70, 330, 404, -248, -468, -107, 249, 277, -144, -371, -458, 407, 617, 991, 1605, -2600, -6672, 4240, 16800, -658, -17665, -14466, -488, 19861, 11672, -5373, -5372, -4759, -655, 2902, 1021, -225, -638, -319, 410, 640, 137, -629, -420, 12, 5, 627, 690, -487, -782, -257, 256, 697, 221, -536, -280, 135, 60, 70, 58, -28, -2, 11, -63, -77, 99, 188, -47, -340, -181, 400, 413, -181, -323, -138, 15, 182, 153, 18, -75, -191, -103, 127, 99, 53, -20, -77, 46, 105, 61, -188, -215, 29, 78, 223, 247, -219, -382, -58, 186, 279, 106, -216, -213, 2, 132, 112, 9, -28, 14, -181, -231, 181, 271, 64, -73, -170, -56, 7, -119, 157]"
"[26, 12, -10, -41, -32, 40, 81, 33, -90, -160, -112, 331, 460, -171, -422, -232, 124, 331, -79, -311, -309, 881, 2457, -813, -3974, -3699, -3775, 10475, 19193, -4446, -18948, -15098, -946, 20479, 11884, -5975, -6001, -4206, -159, 3124, 1065, -545, -762, -262, 389, 630, 176, -520, -440, -84, 127, 742, 579, -744, -858, 25, 483, 563, 4, -599, -208, 265, 41, 22, 151, 21, -41, -125, -155, -22, 133, 304, 107, -441, -377, 316, 457, 11, -218, -248, -66, 157, 107, 21, -46, -49, 10, 5, -1, 44, 11, -64, -22, 92, 109, -108, -205, -27, 98, 227, 164, -238, -300, 21, 176, 180, 50, -188, -199, 77, 224, 44, -89, -67, 22, -138, -239, 212, 319, 37, -96, -172, -72, 24, -45, 138]"
"[-52, 2, 27, 29, -27, -14, 66, 52, -72, -163, -115, 310, 444, -152, -411, -232, 140, 306, -125, -248, 474, 485, -1083, -1967, -433, 3236, -873, 1223, 12186, -582, -14313, -13909, -1746, 18550, 10904, -5809, -5616, -3263, 28, 2620, 937, -471, -752, -163, 488, 590, 198, -578, -568, -121, 218, 835, 529, -829, -879, 113, 568, 523, -80, -612, -177, 304, 77, 34, 157, -73, -167, -88, -32, 128, 207, 52, -131, -372, -305, 473, 630, -57, -369, -401, -95, 359, 239, -66, -121, -75, 9, 58, 52, -28, -119, -44, 48, 192, 178, -170, -246, -48, 103, 199, 99, -200, -232, 51, 156, 113, 19, -102, -93, 5, 83, 38, -5, -9, -53, -163, -123, 294, 297, -106, -166, -135, -47, 75, -31, 103]"
"[-26, 19, 30, 17, -17, -28, 27, 64, -42, -142, -101, 280, 393, -165, -393, -157, 176, 258, -136, -255, 173, 182, -882, 159, 2082, -756, -6108, 3330, 15941, -112, -16158, -14104, 151, 18890, 9778, -7175, -5698, -2290, 187, 2482, 918, -470, -673, -63, 586, 457, 51, -665, -620, 38, 386, 816, 416, -941, -867, 257, 640, 405, -182, -572, -118, 355, 118, -43, 65, -71, -138, -32, 16, 86, 100, 33, -62, -221, -180, 343, 490, -152, -421, -248, 20, 346, 213, -117, -151, -71, 29, 77, 25, -39, -94, -24, 72, 193, 156, -245, -278, 12, 121, 200, 112, -210, -243, 67, 185, 99, 16, -128, -172, -6, 153, 157, 28, -143, -99, -93, -81, 203, 209, -41, -118, -139, -62, 113, 40, 66]"
"[3, 44, 32, -15, -25, -21, 23, 61, -42, -137, -99, 301, 429, -206, -457, -151, 216, 290, -120, -298, -132, 370, 738, -73, -1572, -2143, -2825, 7813, 15947, -5164, -18300, -11600, 2275, 18744, 8563, -8273, -5695, -1302, 477, 2362, 888, -603, -636, 41, 576, 277, -64, -574, -590, 120, 545, 775, 237, -1052, -769, 432, 610, 214, -242, -377, 42, 252, -22, -86, 97, 17, -109, -62, -28, 63, 130, 115, -25, -315, -233, 354, 461, -121, -356, -223, 8, 303, 183, -102, -106, -32, 47, -13, -60, 13, -30, 2, 102, 158, 82, -282, -264, 82, 125, 176, 121, -177, -214, 40, 160, 84, 12, -127, -208, 26, 229, 167, 1, -190, -116, -83, -74, 213, 186, -49, -98, -112, -49, 106, 26, 35]"
"[3, 27, 14, -27, -48, 11, 79, 60, -74, -177, -128, 327, 464, -153, -429, -232, 162, 328, -159, -315, 46, 874, 1094, -1395, -2373, -592, -2052, 5470, 13638, -2359, -14755, -11952, 700, 16565, 7693, -6662, -4720, -1366, 309, 2183, 870, -704, -651, 153, 590, 174, -162, -526, -510, 261, 662, 570, 13, -966, -553, 443, 408, 133, -85, -224, -5, 86, -57, -22, 92, 40, -80, -49, 18, 46, 73, 52, -22, -240, -240, 306, 460, -67, -332, -244, 28, 308, 169, -174, -161, 32, 75, -28, -52, 58, 3, -52, 52, 135, 68, -214, -210, 47, 76, 194, 182, -194, -269, 31, 186, 78, -36, -96, -113, 49, 200, 67, -63, -155, -120, -22, 6, 214, 159, -114, -120, -67, -34, 85, 16, 68]"
"[-29, 22, 16, 8, -7, -2, 39, 34, -62, -116, -65, 278, 380, -194, -412, -154, 177, 294, -148, -211, 766, 694, -371, -3160, -3734, 2865, 1654, 5102, 12221, -4484, -15126, -10709, 1357, 16082, 6961, -6849, -4522, -899, 469, 2008, 647, -770, -481, 324, 502, -21, -229, -317, -293, 204, 537, 414, -66, -780, -382, 365, 293, 121, -77, -236, 10, 165, -66, -96, 137, 107, -111, -156, -32, 145, 169, 59, -34, -345, -343, 364, 549, -9, -333, -324, 5, 331, 154, -185, -154, 63, 91, -36, -59, 45, -1, -59, 35, 157, 95, -217, -232, 50, 115, 193, 127, -208, -206, 76, 163, 17, -41, -84, -130, 50, 184, 87, -12, -132, -132, -87, -23, 271, 209, -132, -145, -108, -83, 135, 113, 92]"
"[-16, 43, 43, -6, -33, -14, 60, 32, -110, -112, -1, 306, 354, -271, -461, -85, 257, 266, -163, -199, 895, 10, -2808, -1880, 922, 4910, 776, 65, 9202, -3335, -14391, -7858, 3468, 14307, 5168, -7353, -4306, 132, 939, 1635, 280, -758, -215, 353, 277, -93, -74, -138, -311, 28, 535, 465, -88, -796, -426, 340, 341, 214, -74, -302, 14, 148, -117, -34, 220, 44, -227, -106, 122, 178, 119, -91, -155, -267, -226, 448, 544, -150, -428, -227, 144, 341, 71, -290, -177, 157, 134, -41, -44, 28, -33, -79, 44, 192, 100, -251, -252, 82, 151, 177, 103, -204, -179, 56, 117, 30, -1, -67, -164, 16, 213, 157, -19, -235, -177, 28, 90, 204, 118, -172, -169, -73, -61, 204, 179, 11]"
"[22, 34, -6, -33, -19, 27, 65, 23, -106, -116, -12, 301, 339, -254, -427, -72, 225, 239, -105, -161, 591, -382, -3078, -18, 3710, 2720, -2802, 245, 11472, -3243, -16966, -7449, 6230, 15059, 3633, -9045, -4226, 1627, 1527, 1049, -131, -693, 7, 358, 174, -83, 29, -199, -460, 93, 754, 413, -287, -882, -450, 481, 472, 217, -128, -340, 52, 108, -201, 24, 301, 14, -276, -66, 195, 129, 42, -132, -211, -171, -63, 477, 465, -295, -450, -115, 189, 271, -20, -236, -67, 181, 109, -99, -64, 22, -55, -25, 124, 180, 37, -317, -261, 159, 189, 146, 80, -197, -159, 52, 87, 22, 29, -64, -240, 21, 340, 201, -118, -341, -139, 158, 127, 91, 56, -143, -211, -71, 52, 325, 178, -218]"
"[17, 0, -19, -18, -20, 23, 62, 37, -94, -117, -1, 293, 322, -276, -436, -40, 248, 231, -102, -201, 78, -374, -1600, 1561, 3592, -1497, -5124, 3998, 13369, -5501, -18609, -4922, 8926, 13454, 1259, -9358, -3302, 2760, 1633, 304, -359, -419, 166, 212, 65, -36, 85, -231, -525, 190, 932, 280, -530, -907, -373, 657, 570, 105, -210, -347, 38, 102, -186, 101, 321, -66, -283, 4, 217, 27, -56, -66, -151, -116, 38, 437, 344, -416, -468, 48, 273, 211, -73, -267, -66, 252, 148, -156, -95, 52, -28, -44, 124, 150, -34, -306, -197, 225, 201, 87, 41, -216, -157, 114, 114, -29, -24, -56, -211, 111, 441, 81, -279, -323, -12, 200, 32, -1, 65, -31, -204, -121, 102, 407, 167, -370]"
"[-32, -24, -3, 44, 11, -6, 47, 16, -120, -95, 48, 316, 299, -345, -458, 30, 285, 206, -116, -204, -179, -65, 269, 1300, 262, -3580, -3315, 8378, 13703, -9525, -20078, -2008, 11140, 11940, -659, -9348, -2381, 3424, 1481, -227, -386, -203, 162, 119, 98, -17, -2, -265, -456, 315, 974, 106, -660, -860, -347, 749, 658, 44, -275, -363, 27, 121, -128, 129, 270, -141, -256, 98, 219, -102, -147, 66, 0, -137, -24, 332, 232, -322, -278, 92, 140, 34, -86, -40, 86, 120, -13, -195, -53, 179, 44, -115, 56, 88, -103, -215, -85, 244, 178, 28, 18, -200, -127, 111, 57, -29, 39, -25, -222, 97, 452, -9, -409, -195, 177, 184, -87, -74, 106, 24, -238, -125, 158, 406, 110, -374]"
"[-28, 44, 49, 7, -21, -29, 34, 35, -90, -98, -9, 294, 345, -270, -449, -59, 259, 248, -123, -230, -56, 313, 912, -345, -3048, -1737, 1393, 9362, 11449, -12996, -20973, 774, 12888, 11082, -1773, -9390, -1785, 3599, 1218, -472, -367, -17, 250, 37, -9, -52, 36, -189, -436, 290, 962, 47, -727, -794, -261, 779, 625, -17, -239, -313, -35, 49, -79, 238, 262, -233, -231, 134, 140, -145, -70, 160, -18, -238, -58, 381, 289, -299, -315, -12, 104, 176, 24, -135, -1, 107, -41, -132, 46, 167, -2, -148, 42, 82, -95, -165, -71, 201, 166, 27, -21, -173, -52, 131, 36, -107, -12, 18, -184, 117, 478, -19, -431, -244, 179, 193, -170, -50, 213, 82, -249, -203, 127, 427, 140, -371]"
"[25, 29, 3, -40, -37, 26, 71, 39, -76, -146, -83, 314, 412, -194, -418, -170, 175, 281, -108, -193, 259, 425, 155, -1511, -3222, 1207, 4177, 6720, 8134, -13789, -20720, 3430, 14496, 10110, -2508, -9646, -1721, 3649, 1204, -407, -375, -76, 268, 86, -47, -87, 77, -142, -428, 236, 894, 50, -706, -705, -157, 722, 508, -78, -199, -232, -35, 19, -86, 206, 227, -144, -126, 49, -18, -100, 109, 193, -140, -348, -29, 485, 312, -359, -369, 5, 153, 194, -12, -134, 44, 88, -74, -103, 77, 125, -36, -140, 18, 94, -62, -115, -22, 169, 140, -39, -76, -130, -13, 154, 51, -134, -59, 26, -114, 141, 401, -98, -412, -109, 230, 91, -210, 6, 252, 15, -334, -169, 210, 470, 121, -442]"
"[8, 10, -19, -13, -4, 38, 83, 6, -129, -143, -39, 356, 412, -246, -453, -143, 210, 301, -104, -218, 419, 356, -592, -1588, -2091, 2112, 4146, 5372, 7133, -14379, -21422, 5756, 16623, 9178, -3548, -10120, -1736, 3952, 1375, -381, -458, -154, 339, 96, -159, -142, 119, -11, -351, 104, 734, 75, -604, -594, -98, 605, 419, -97, -225, -194, 13, 74, -81, 133, 218, -101, -138, -3, -19, -18, 170, 118, -241, -327, 83, 518, 218, -468, -383, 173, 288, 83, -149, -150, 62, 144, -11, -82, 44, 41, -30, -69, 9, 18, -86, -26, 47, 114, 65, -34, -28, -93, -6, 100, -5, -115, -17, 61, -106, 102, 367, -100, -394, -62, 240, 47, -190, 38, 218, -80, -396, -36, 369, 416, -32, -500]"
"[-26, 7, 11, 26, 14, -16, 28, 13, -104, -97, 7, 318, 362, -287, -467, -74, 257, 264, -103, -158, 670, -23, -1818, -1369, -760, 3216, 4983, 3878, 4288, -15453, -20004, 9760, 18084, 5834, -5455, -9435, -1088, 4523, 1528, -797, -638, -7, 468, -67, -355, -1, 328, -64, -524, 82, 833, 147, -641, -673, -83, 704, 464, -237, -374, -120, 137, 155, -88, 12, 197, -16, -133, -108, -89, 125, 332, 37, -374, -336, 163, 497, 82, -437, -237, 232, 216, -34, -171, -35, 139, 112, -20, -108, 20, 11, -62, -61, -12, 82, -4, -22, 41, 43, 15, -19, -19, -60, 19, 61, -68, -63, 90, 61, -170, 34, 372, -28, -354, -122, 158, 36, -152, 115, 211, -126, -377, 32, 427, 316, -146, -475]"
"[-5, 22, 19, -1, -20, -1, 67, 25, -130, -118, 32, 335, 338, -316, -455, -38, 262, 227, -66, -121, 655, -449, -2758, -577, 915, 3912, 5952, 1429, -663, -15404, -15663, 14400, 17991, 422, -7667, -6992, 503, 4636, 1238, -1506, -779, 326, 506, -276, -406, 219, 413, -229, -612, 192, 901, 62, -741, -601, 75, 709, 329, -382, -404, 88, 296, 60, -210, -4, 269, -4, -219, -118, 15, 180, 230, -120, -382, -74, 342, 264, -160, -359, -81, 259, 113, -37, -21, 9, 61, -48, -68, 19, 76, -49, -135, -18, 59, 111, 13, -38, 36, -48, -91, 64, 100, 0, 26, -79, -165, -7, 95, 119, -18, 43, 233, -227, -389, 156, 325, -138, -300, 127, 227, -98, -375, 114, 553, 219, -290, -482]"
"[2, 49, 39, -27, -47, -10, 65, 52, -102, -122, 32, 315, 309, -327, -450, 8, 296, 200, -49, -155, 417, -710, -3101, 468, 2679, 3800, 5794, -1375, -5434, -13227, -9592, 17127, 15626, -4812, -8739, -3367, 2487, 3746, 183, -2213, -609, 996, 407, -628, -279, 543, 378, -561, -680, 488, 1035, -186, -905, -417, 262, 559, 37, -315, -117, 253, 233, -215, -306, 154, 340, -54, -256, -66, 116, 134, 72, -190, -271, 136, 356, -28, -343, -134, 110, 241, 78, -71, -3, -38, -14, -31, -34, 45, 65, -50, -123, -33, 30, 146, 92, -46, -42, -118, -83, 158, 146, -42, -18, -115, -186, 82, 205, 78, -84, -28, 125, -190, -210, 303, 241, -415, -363, 369, 318, -219, -429, 239, 704, 75, -495, -484]"
"[35, 25, 4, -22, -19, -7, 35, 35, -93, -91, 55, 290, 289, -346, -479, 27, 317, 227, 26, -231, -53, -921, -2891, 1929, 4557, 2472, 4029, -3630, -8563, -9577, -3495, 17410, 11693, -8414, -7989, 267, 3696, 1777, -1190, -2049, 59, 1402, 98, -901, -89, 646, 153, -611, -460, 670, 947, -470, -937, -169, 312, 345, -102, -83, 164, 137, -39, -291, -143, 327, 282, -226, -256, 63, 156, 25, -61, -111, -48, 163, 139, -206, -283, 137, 207, 103, 77, -73, -78, -127, -36, 88, 12, 1, 21, -27, -76, 12, 51, 97, 117, -61, -130, -189, -117, 293, 290, -54, -120, -220, -156, 187, 192, 5, -47, -11, -6, -161, 36, 304, -33, -526, -199, 561, 265, -359, -364, 364, 704, -125, -607, -348]"
"[1, 3, -5, 4, -6, 6, 51, 16, -129, -84, 85, 311, 290, -368, -473, 23, 292, 214, 38, -247, -500, -946, -2082, 3286, 5901, 233, 1399, -5160, -10814, -5005, 2806, 16475, 7414, -11103, -6590, 3059, 4069, -148, -2268, -1456, 684, 1534, -108, -971, -7, 536, -21, -437, -167, 677, 751, -703, -938, 59, 345, 230, -115, 50, 262, -19, -229, -219, 20, 378, 231, -300, -236, 62, 71, 12, -26, 22, 83, 27, -101, -201, -83, 309, 211, -102, -6, -63, -142, -56, 95, 129, -61, -123, 12, 113, -7, -80, -16, 148, 209, -132, -286, -157, 12, 354, 253, -155, -178, -130, -46, 178, 154, -44, -44, -53, -125, -65, 226, 268, -227, -546, -54, 621, 160, -389, -204, 413, 583, -296, -641, -199]"
"[-31, -2, 28, 33, -18, -33, 45, 47, -109, -98, 61, 299, 286, -330, -436, 2, 262, 218, 38, -333, -1100, -533, 213, 4081, 4787, -3482, -1210, -3623, -10691, -1118, 7825, 13724, 2899, -12047, -4437, 4834, 3540, -1901, -2907, -445, 1301, 1426, -235, -1142, -220, 556, 108, -218, -39, 518, 550, -732, -799, 181, 250, 96, -65, 241, 346, -218, -382, -122, 150, 363, 153, -330, -241, 92, 85, 26, 3, 53, 115, -98, -263, -84, 140, 325, 127, -235, -95, -57, -147, 110, 252, 32, -186, -168, 12, 183, 58, -66, -12, 78, 139, -139, -281, -58, 108, 290, 167, -203, -192, -58, 18, 165, 124, -70, -73, -85, -118, 78, 297, 82, -346, -367, 125, 514, 6, -407, -110, 495, 552, -430, -722, -95]"
"[0, 2, -4, -9, -13, 23, 62, 9, -110, -86, 39, 271, 284, -293, -420, -7, 257, 196, -40, -344, -1241, 188, 2571, 2940, 922, -5163, -915, -900, -9561, 1032, 10625, 9723, -1159, -10932, -1892, 5458, 2377, -3180, -3023, 686, 1862, 1062, -600, -1325, -256, 889, 319, -294, -33, 414, 368, -748, -692, 310, 221, 3, -30, 309, 327, -317, -425, -19, 234, 293, 65, -323, -190, 120, 56, 26, 84, 45, -7, -181, -227, 131, 278, 125, -40, -205, -82, -32, -91, 200, 264, -118, -272, -49, 135, 150, -15, -98, 40, 83, 26, -176, -180, 93, 115, 105, 88, -96, -135, -71, 5, 175, 189, -94, -215, -152, -17, 277, 267, -116, -327, -169, 203, 304, -167, -317, 30, 514, 463, -502, -730, 13]"
"[13, 35, 24, -32, -41, 3, 59, 38, -96, -96, 35, 282, 299, -298, -417, -25, 235, 202, -77, -350, -988, 769, 3418, 831, -2302, -3600, 1130, -739, -9685, 3289, 13046, 5892, -4539, -9489, 156, 5405, 1101, -3685, -2659, 1570, 2174, 491, -1089, -1234, -9, 1150, 393, -450, -51, 321, 223, -705, -629, 406, 284, -23, -27, 255, 233, -332, -353, 120, 285, 119, -66, -235, -95, 115, 5, 35, 143, 31, -93, -203, -119, 242, 264, -97, -164, -77, -43, -4, 4, 226, 183, -232, -238, 83, 150, 52, -15, -71, 2, 34, -22, -104, -72, 124, 67, 6, 100, -17, -153, -133, 60, 246, 132, -272, -356, 64, 258, 280, 130, -280, -308, -53, 216, 221, -235, -256, 137, 512, 374, -572, -729, 105]"
"[18, 12, -16, -24, -15, 38, 82, 3, -140, -101, 48, 320, 325, -322, -451, -36, 246, 219, -143, -349, -560, 1089, 2995, -838, -3389, -1034, 3024, -2159, -10519, 4149, 13613, 4451, -5546, -8122, 1483, 4452, -317, -3591, -1954, 2202, 2201, -95, -1414, -950, 297, 1198, 335, -580, -74, 294, 135, -632, -521, 416, 233, -63, -30, 306, 294, -359, -400, 97, 280, 110, -95, -172, -20, 95, -20, -6, 102, 40, -66, -157, -87, 207, 220, -102, -147, -71, -75, 31, 73, 178, 94, -185, -131, 55, 53, 18, 19, 12, 39, -50, -99, -54, 18, 113, -23, -2, 199, -6, -251, -159, 132, 253, 42, -251, -257, 108, 262, 183, 42, -249, -220, 6, 191, 84, -322, -130, 245, 498, 333, -612, -712, 139]"
"[-15, -10, -4, 9, -10, 18, 74, 16, -119, -128, -1, 335, 370, -287, -447, -86, 215, 243, -162, -313, -80, 1120, 1881, -1851, -2897, 1356, 4004, -4477, -12243, 5260, 15094, 4509, -6175, -8332, 1990, 4036, -1182, -3339, -1380, 2480, 2049, -494, -1527, -615, 504, 1091, 263, -630, -88, 304, 101, -660, -532, 530, 323, -124, -62, 293, 272, -369, -369, 117, 225, 90, -19, -125, -67, 16, -22, 38, 98, 67, -17, -196, -142, 197, 246, -71, -168, -103, -51, 91, 93, 120, 93, -189, -187, 42, 79, 76, 33, -31, 26, -10, -65, -120, -65, 145, 55, 47, 178, -86, -270, -86, 187, 214, 19, -286, -334, 147, 370, 217, -25, -345, -216, 124, 227, -30, -383, -18, 347, 404, 219, -593, -675, 178]"
"[-50, -6, 22, 43, 6, -11, 58, 3, -143, -110, 44, 351, 351, -343, -488, -24, 293, 222, -247, -300, 313, 1061, 852, -2319, -2189, 2817, 4604, -5554, -12936, 4678, 14558, 5474, -5283, -8176, 1876, 3228, -1615, -2845, -994, 2440, 1864, -681, -1537, -358, 673, 951, 129, -673, -58, 382, 81, -727, -536, 627, 390, -177, -104, 259, 213, -320, -259, 161, 182, -9, -21, -72, -69, 6, -14, 24, 84, 91, 14, -230, -225, 211, 309, -6, -149, -157, -83, 82, 99, 157, 129, -248, -279, 64, 152, 140, 42, -127, -54, 59, 37, -115, -126, 90, 66, 105, 183, -122, -267, -68, 179, 213, 65, -298, -402, 112, 401, 286, -24, -398, -225, 169, 241, -80, -430, 37, 433, 412, 177, -690, -707, 269]"
"[4, -1, 12, -2, -31, 1, 71, 32, -122, -105, 65, 314, 307, -349, -474, -8, 270, 222, -214, -251, 413, 910, 464, -2222, -1652, 2988, 4311, -6053, -13338, 5181, 15350, 5612, -5498, -8682, 1606, 3199, -1587, -2442, -809, 2237, 1740, -697, -1494, -279, 694, 875, 63, -647, 19, 413, 16, -823, -558, 761, 491, -238, -178, 233, 247, -284, -287, 108, 176, 77, 47, -148, -167, 3, 12, 104, 155, 41, -66, -266, -209, 275, 320, -29, -146, -161, -70, 104, 114, 91, 45, -211, -209, 122, 205, 53, -85, -149, 5, 158, 40, -177, -125, 120, 76, 82, 173, -125, -284, -59, 200, 227, 30, -307, -332, 154, 359, 175, -75, -311, -163, 181, 242, -123, -443, 44, 402, 409, 206, -644, -704, 226]"
"[4, 39, 16, -36, -48, 31, 96, 33, -113, -148, -8, 330, 368, -289, -458, -76, 241, 241, -208, -247, 521, 849, 95, -2272, -1249, 3330, 3914, -6479, -12833, 5961, 15336, 4516, -5869, -8062, 1719, 2957, -1575, -2177, -755, 2032, 1669, -610, -1450, -292, 671, 873, 112, -636, -19, 351, -11, -778, -555, 800, 577, -258, -260, 163, 249, -193, -263, 57, 177, 125, 42, -212, -166, 60, 2, 51, 140, 98, -34, -282, -188, 266, 273, -82, -165, -73, -8, 75, 80, 60, 6, -180, -153, 156, 194, -14, -118, -88, 78, 131, -31, -201, -100, 163, 80, 69, 188, -140, -325, -71, 214, 269, 54, -327, -343, 145, 365, 178, -91, -309, -147, 176, 228, -113, -423, 20, 343, 421, 287, -585, -705, 99]"
"[27, 20, -14, -40, -16, 46, 80, 3, -118, -147, -55, 354, 456, -237, -479, -178, 205, 297, -187, -244, 592, 773, -184, -2266, -996, 3519, 3717, -6504, -12177, 5997, 14623, 3874, -5762, -7354, 1757, 2716, -1461, -2038, -810, 1846, 1639, -450, -1363, -392, 581, 887, 164, -619, -60, 312, -14, -728, -552, 782, 596, -221, -241, 118, 233, -181, -267, 10, 120, 217, 161, -245, -229, 18, -4, 50, 125, 132, -24, -288, -165, 292, 271, -117, -162, -53, -15, 37, 53, 91, 43, -150, -131, 95, 152, -9, -136, -55, 130, 129, -53, -239, -116, 184, 93, 75, 196, -144, -323, -80, 193, 265, 50, -302, -297, 138, 312, 158, -29, -289, -207, 120, 216, -44, -376, 0, 286, 427, 371, -528, -712, -8]"
"[-14, -18, -2, 31, 18, -15, 21, 19, -81, -102, -33, 296, 392, -223, -437, -138, 213, 255, -206, -207, 725, 636, -667, -2206, -449, 3903, 3554, -7094, -12283, 6477, 14857, 3531, -5901, -7260, 1573, 2605, -1280, -1665, -755, 1496, 1549, -288, -1334, -476, 577, 955, 198, -690, -150, 332, 72, -665, -571, 697, 589, -168, -228, 84, 220, -150, -240, -40, 47, 243, 225, -196, -215, -50, -47, 74, 139, 142, -4, -296, -200, 264, 268, -80, -156, -49, 24, 26, 0, 51, 50, -78, -107, 45, 131, 15, -136, -68, 143, 152, -47, -254, -102, 171, 34, 58, 230, -77, -309, -141, 150, 288, 93, -263, -275, 48, 203, 206, 76, -249, -260, 54, 240, 30, -354, -84, 219, 451, 404, -494, -708, -41]"
"[-26, 33, 41, 10, -12, -17, 37, 16, -115, -89, 43, 324, 354, -337, -490, -37, 266, 235, -199, -178, 825, 395, -1319, -1927, 488, 4125, 2641, -7376, -10642, 7088, 13452, 1603, -5957, -5425, 1919, 1920, -1337, -1312, -631, 1220, 1430, -178, -1293, -522, 562, 991, 229, -718, -244, 335, 202, -542, -572, 463, 416, -20, -51, 107, 162, -236, -258, -20, 28, 263, 249, -154, -170, -128, -151, 107, 231, 161, -67, -314, -110, 317, 252, -222, -260, 24, 84, 66, 10, 49, 90, -127, -189, 50, 178, 46, -153, -90, 146, 178, -10, -283, -165, 152, 69, 129, 272, -164, -405, -140, 159, 358, 148, -262, -267, 19, 199, 176, 18, -229, -197, 84, 212, -21, -336, -34, 200, 394, 403, -404, -655, -103]"
"[-19, 16, 28, 17, 0, -14, 32, 10, -120, -78, 70, 318, 325, -356, -478, -18, 253, 223, -198, -156, 856, 288, -1560, -1766, 846, 4049, 1928, -7049, -8790, 7246, 11702, -132, -5703, -3537, 2210, 1070, -1486, -959, -536, 1035, 1384, -36, -1197, -638, 481, 996, 239, -715, -299, 361, 294, -473, -559, 308, 288, 75, 83, 110, 78, -290, -232, 40, 36, 207, 219, -105, -137, -167, -186, 176, 328, 102, -171, -328, -40, 361, 195, -291, -264, 124, 145, 30, -3, 33, 82, -148, -224, 74, 212, 64, -158, -109, 130, 177, 23, -228, -162, 42, 6, 233, 338, -204, -425, -122, 169, 319, 105, -236, -228, 36, 190, 137, -17, -173, -98, 50, 104, -52, -277, 28, 180, 351, 427, -390, -690, -137]"
"[23, 18, 2, -22, -19, 20, 66, 7, -143, -86, 95, 319, 290, -379, -468, 31, 273, 195, -197, -146, 853, 249, -1568, -1720, 910, 3851, 1195, -6672, -7160, 7737, 10620, -1853, -5862, -2052, 2677, 532, -1739, -909, -464, 1097, 1360, -88, -1190, -554, 535, 915, 162, -698, -253, 382, 283, -487, -554, 300, 256, 96, 142, 114, 18, -321, -176, 111, 32, 98, 157, -18, -69, -202, -221, 196, 343, 66, -188, -284, 0, 320, 143, -295, -254, 140, 124, 43, 38, 72, 113, -229, -292, 102, 246, 78, -130, -129, 57, 148, 42, -134, -119, -36, -48, 276, 391, -225, -454, -130, 166, 337, 132, -262, -311, 71, 316, 162, -83, -257, -101, 92, 91, -56, -265, 50, 199, 342, 403, -413, -678, -96]"
"[14, 9, 10, -6, -29, -12, 45, 57, -81, -114, 17, 302, 346, -310, -465, -50, 239, 225, -195, -148, 850, 287, -1470, -1759, 863, 3594, 332, -6305, -5497, 8586, 9918, -3773, -6242, -847, 2983, 215, -1841, -849, -433, 1132, 1361, -135, -1200, -500, 554, 883, 165, -672, -234, 321, 182, -456, -469, 375, 299, 13, 45, 96, 55, -257, -163, 100, 35, 61, 138, 5, -78, -212, -199, 227, 328, 16, -184, -190, 80, 190, -22, -254, -159, 206, 131, 12, 55, 47, 54, -260, -297, 196, 315, 41, -154, -154, 50, 143, 21, -130, -102, -5, -29, 240, 345, -213, -411, -86, 173, 244, 78, -169, -244, -4, 243, 211, -25, -240, -89, 37, 31, -38, -212, 74, 162, 293, 413, -340, -654, -159]"
"[12, 7, -6, -6, 1, 5, 36, 19, -102, -105, 1, 319, 386, -278, -460, -108, 218, 262, -175, -171, 814, 309, -1375, -1749, 811, 3424, 21, -6136, -5012, 8893, 9830, -4301, -6344, -610, 2992, 94, -1890, -760, -365, 1150, 1309, -221, -1199, -371, 617, 800, 123, -659, -215, 308, 156, -456, -471, 398, 316, 17, 68, 92, 14, -314, -176, 208, 132, -14, 49, -3, -37, -192, -225, 223, 339, 24, -184, -185, 92, 169, -49, -237, -139, 197, 110, 45, 106, -2, -40, -223, -195, 211, 269, -4, -165, -152, 46, 204, 93, -178, -167, -39, -45, 272, 353, -176, -370, -95, 185, 189, -29, -154, -143, 99, 262, 71, -114, -177, -19, 18, -51, -19, -128, 114, 158, 225, 371, -336, -641, -126]"
"[-22, -2, 7, 27, 7, -10, 48, 23, -115, -138, -34, 353, 434, -251, -455, -171, 163, 286, -135, -138, 811, 308, -1285, -1790, 670, 3342, 47, -5931, -4921, 8584, 9532, -3947, -5980, -729, 2858, 57, -1906, -763, -334, 1183, 1303, -274, -1225, -340, 611, 794, 146, -610, -186, 237, 65, -436, -400, 455, 304, -59, 40, 141, 59, -318, -200, 194, 144, -26, 9, 22, 16, -194, -261, 187, 337, 66, -150, -209, 62, 163, -31, -235, -191, 191, 167, 110, 111, -94, -75, -161, -167, 157, 226, 49, -133, -179, 36, 233, 91, -199, -137, -12, -59, 206, 302, -144, -327, -44, 198, 114, -65, -99, -115, 40, 222, 123, -67, -201, -59, 10, -35, 19, -91, 76, 103, 215, 381, -304, -631, -120]"
"[-21, 35, 50, -5, -38, -20, 59, 41, -114, -129, -1, 340, 400, -290, -479, -108, 234, 264, -204, -183, 823, 395, -1237, -1865, 690, 3395, -178, -6411, -5255, 9905, 11009, -4978, -7334, -858, 3256, 404, -1960, -730, -189, 1051, 1146, -286, -1201, -256, 640, 772, 152, -597, -156, 183, -28, -417, -312, 496, 263, -131, 20, 238, 164, -401, -342, 192, 217, 49, 14, -26, 0, -182, -244, 185, 326, 63, -140, -209, 32, 138, -36, -169, -126, 153, 111, 80, 105, -58, -53, -132, -135, 97, 173, 69, -95, -177, 19, 216, 69, -210, -133, 78, 49, 122, 174, -173, -288, 19, 197, 124, -2, -168, -253, 98, 379, 141, -161, -284, -41, 97, -5, -51, -147, 104, 138, 232, 399, -331, -675, -133]"
"[11, 22, -2, -7, 5, 16, 48, 6, -110, -122, -5, 340, 387, -296, -461, -85, 213, 236, -178, -150, 789, 395, -1143, -1870, 466, 3605, 1366, -6728, -8147, 8014, 11809, -1072, -5954, -2854, 2656, 395, -2090, -669, -152, 1087, 1236, -275, -1316, -397, 614, 967, 266, -682, -221, 187, -17, -429, -303, 531, 256, -188, -3, 301, 208, -452, -403, 229, 292, 43, -49, -63, 47, -117, -258, 87, 275, 153, -76, -232, 10, 153, 19, -196, -195, 99, 99, 169, 151, -90, -66, -145, -162, 119, 222, 85, -108, -225, 4, 252, 84, -248, -172, 110, 64, 126, 192, -173, -320, 10, 227, 152, -13, -186, -201, 83, 284, 99, -130, -198, -22, 73, 7, -71, -202, 120, 208, 252, 354, -380, -658, -111]"
"[-14, 40, 36, -1, -12, -13, 36, 20, -103, -102, -5, 313, 379, -262, -448, -107, 227, 258, -182, -213, 730, 512, -991, -1988, 151, 3883, 2772, -7013, -10639, 6593, 12956, 1892, -5663, -4691, 2669, 1061, -2167, -1155, -279, 1265, 1324, -245, -1317, -481, 518, 981, 312, -575, -126, 117, -118, -517, -341, 669, 390, -225, -121, 206, 213, -295, -320, 146, 254, 41, -72, -96, 36, -43, -203, 40, 222, 140, -93, -205, 13, 199, 112, -185, -206, -27, -14, 201, 200, -4, -14, -180, -181, 63, 167, 109, -90, -199, 5, 293, 180, -292, -275, 42, 50, 221, 272, -184, -358, -34, 238, 186, 0, -241, -292, 122, 394, 167, -141, -349, -152, 196, 196, -45, -279, -26, 169, 352, 396, -411, -697, -81]"
"[4, 2, -14, 2, 9, 20, 53, 9, -102, -120, -20, 334, 420, -280, -502, -120, 250, 295, -179, -241, 704, 590, -820, -2124, -371, 4090, 4505, -6657, -12668, 3703, 12439, 5878, -3982, -6418, 2231, 1505, -2110, -1637, -431, 1422, 1378, -192, -1299, -585, 443, 1033, 332, -556, -90, 147, -88, -623, -478, 734, 545, -174, -184, 76, 175, -207, -274, 129, 238, 76, -21, -159, -20, 21, -121, -53, 79, 167, -12, -153, -42, 156, 174, -85, -161, -140, -71, 198, 147, 10, 43, -105, -160, -24, 121, 135, -70, -198, -32, 298, 249, -272, -334, -7, 79, 256, 257, -187, -353, -41, 252, 204, 3, -266, -280, 101, 300, 172, -44, -275, -208, 113, 242, 19, -321, -74, 215, 396, 364, -469, -687, -40]"
"[-16, -6, -2, 26, -1, -7, 58, 40, -88, -152, -48, 340, 415, -257, -464, -117, 226, 252, -201, -199, 678, 649, -584, -2138, -657, 3962, 5129, -6475, -13749, 2701, 12895, 7705, -3737, -7889, 1897, 2377, -1803, -1964, -513, 1375, 1329, -91, -1201, -708, 290, 1075, 423, -490, -76, 82, -123, -632, -516, 776, 643, -159, -263, -14, 191, -93, -230, 41, 153, 111, 43, -140, -50, 13, -82, -59, 66, 143, -32, -139, -19, 155, 117, -82, -72, -43, -36, 13, -3, 80, 121, -51, -150, -71, 80, 143, -36, -170, -42, 261, 265, -256, -363, -15, 115, 253, 212, -157, -275, -81, 168, 217, 51, -263, -311, 106, 327, 196, -4, -351, -356, 130, 378, 131, -343, -233, 148, 488, 420, -469, -685, -68]"
"[-31, 11, 38, 20, -25, -23, 56, 39, -104, -135, -37, 338, 420, -238, -451, -153, 207, 280, -182, -246, 600, 736, -400, -2216, -1057, 4009, 6013, -5917, -14115, 719, 11602, 9735, -2247, -8588, 1249, 2645, -1478, -2144, -560, 1333, 1197, -49, -1046, -688, 194, 949, 378, -357, 24, 74, -134, -743, -665, 857, 829, -86, -333, -170, 165, 9, -192, -15, 75, 161, 167, -127, -131, -56, -50, -12, 21, 132, 40, -111, -87, 95, 142, -12, -89, -68, 39, 38, -77, -34, 90, 91, -70, -146, 18, 168, 4, -151, -36, 215, 233, -224, -356, -36, 122, 295, 233, -198, -320, -98, 168, 302, 115, -336, -378, 107, 312, 243, 104, -333, -434, 8, 359, 268, -269, -304, 78, 476, 435, -392, -620, -149]"
"[-15, 37, 43, 4, -23, -28, 38, 56, -44, -156, -134, 293, 457, -114, -399, -250, 149, 301, -168, -251, 525, 859, -22, -2393, -1854, 3959, 7160, -4963, -14370, -1658, 10093, 11896, -656, -9397, 405, 3084, -894, -2373, -829, 1242, 1219, 150, -912, -875, 34, 972, 415, -307, 41, 76, -82, -788, -809, 833, 931, 83, -279, -340, 59, 49, -137, 9, 40, 121, 175, -75, -142, -59, 27, -10, -37, 67, 18, -76, -63, 115, 145, -28, -91, -78, 0, 77, 36, -26, 10, 3, -47, -77, -11, 122, 6, -99, -30, 198, 272, -195, -392, -110, 120, 353, 222, -209, -263, -99, 81, 252, 146, -211, -267, 11, 177, 173, 120, -196, -391, -86, 326, 346, -229, -390, 9, 530, 488, -382, -600, -161]"
"[4, 39, 27, -29, -42, 15, 75, 48, -62, -175, -128, 313, 450, -141, -405, -215, 170, 285, -171, -283, 370, 973, 449, -2408, -2585, 3702, 8214, -4025, -14779, -3890, 8864, 14024, 718, -10224, -271, 3546, -406, -2657, -1049, 1183, 1179, 306, -727, -955, -87, 868, 348, -187, 138, 88, -61, -819, -860, 733, 855, 221, -159, -358, 44, 11, -174, -10, 33, 147, 178, -51, -122, -95, 40, 32, -63, -16, 8, 15, -44, 48, 114, 34, -48, -120, -17, 103, 47, -55, 1, 6, -50, -80, -24, 138, 57, -101, -92, 148, 274, -95, -317, -162, 90, 323, 170, -184, -195, -83, 35, 239, 191, -188, -258, -48, 74, 199, 237, -123, -446, -210, 319, 462, -153, -475, -112, 513, 540, -243, -528, -281]"
"[12, 21, 7, -14, -8, 9, 47, 19, -92, -130, -72, 335, 451, -203, -450, -189, 204, 295, -184, -306, 375, 1017, 488, -2556, -2968, 3859, 8755, -3230, -13824, -5584, 6626, 14521, 1935, -9777, -742, 3745, 206, -2900, -1375, 1046, 1173, 523, -546, -1067, -211, 793, 296, -125, 178, 145, 5, -845, -892, 649, 791, 275, -133, -328, 109, 22, -214, -127, -21, 256, 246, -54, -111, -125, 21, 3, -111, 11, 75, 46, -78, -18, 109, 108, 6, -171, -79, 95, 48, -35, -2, 44, 13, -114, -94, 128, 118, -84, -139, 94, 251, -28, -256, -184, 33, 316, 226, -168, -239, -131, 17, 275, 213, -153, -227, -85, 45, 186, 239, -84, -414, -279, 232, 532, -52, -490, -176, 495, 568, -222, -534, -290]"
"[-8, -11, -10, 7, -15, 18, 76, 36, -89, -151, -52, 328, 412, -236, -454, -137, 220, 280, -175, -301, 258, 1082, 964, -2587, -3742, 3437, 9194, -2131, -13199, -6798, 5489, 14881, 2465, -9801, -1098, 4190, 765, -3160, -1654, 911, 1092, 701, -343, -1071, -250, 676, 192, -133, 205, 256, 54, -892, -901, 600, 724, 354, -8, -402, -41, 48, -100, -90, -45, 197, 197, -54, -101, -66, 55, -3, -100, -34, 22, 61, -42, 4, 98, 88, 35, -143, -93, 17, 11, 26, 14, 35, 17, -102, -88, 123, 113, -91, -132, 100, 225, -47, -243, -116, 72, 237, 157, -126, -177, -120, 2, 225, 199, -123, -241, -110, 30, 272, 363, -132, -533, -381, 202, 694, 91, -570, -308, 461, 634, -146, -542, -359]"
"[-18, 16, 9, 21, 6, -7, 44, 9, -116, -102, 10, 330, 377, -288, -468, -85, 248, 264, -151, -336, -88, 1146, 1934, -2167, -4679, 2012, 9305, -446, -12919, -7962, 5280, 15821, 2827, -10826, -1889, 5000, 1629, -3283, -2019, 595, 1025, 897, -232, -998, -178, 527, 44, -144, 240, 364, 105, -937, -926, 565, 669, 436, 157, -461, -254, -1, 24, 41, -35, 92, 139, -58, -105, -35, 60, 50, -11, -90, -69, 11, -63, 70, 143, 110, 50, -197, -154, 57, 111, 28, -55, -42, -1, -21, -39, 117, 131, -129, -191, 82, 227, 3, -212, -124, 64, 215, 138, -94, -129, -130, -31, 193, 164, -83, -151, -104, -35, 189, 343, -40, -469, -425, 145, 704, 129, -567, -337, 453, 640, -110, -506, -393]"
"[-26, 7, 34, 19, -19, -37, 25, 49, -76, -100, -3, 301, 358, -255, -422, -113, 194, 269, -102, -351, -411, 1144, 2717, -1508, -5084, 318, 8744, 1364, -11966, -9184, 4423, 16684, 3730, -11640, -3057, 5430, 2523, -2998, -2227, 151, 932, 1045, -193, -946, -102, 505, 8, -248, 131, 458, 247, -881, -937, 404, 507, 538, 364, -394, -357, -189, 1, 230, 43, -12, 79, -41, -106, -25, 65, 81, 47, -96, -79, -68, -161, 118, 267, 132, -108, -266, -3, 227, 83, -170, -109, 73, 69, -43, -57, 45, 32, -55, -54, 96, 125, -62, -152, -51, 64, 161, 116, -113, -155, -100, -36, 240, 294, -104, -268, -227, -124, 286, 459, 105, -384, -626, -12, 744, 207, -513, -362, 379, 615, -30, -445, -445]"
"[6, 42, 35, -29, -43, -1, 60, 42, -95, -124, -27, 323, 404, -256, -464, -140, 211, 306, -58, -387, -844, 928, 3327, 3, -4406, -2372, 6848, 3608, -9864, -10830, 2163, 17765, 5727, -11998, -4605, 5274, 3360, -2345, -2222, -387, 724, 1104, -213, -809, 68, 505, -26, -359, 61, 431, 224, -758, -822, 334, 370, 522, 483, -286, -400, -349, -39, 355, 84, -57, 103, 3, -107, -125, -17, 154, 137, -80, -99, -117, -181, 96, 203, 236, 96, -331, -249, 132, 142, 71, 76, -73, -137, -98, 11, 166, 77, -91, -61, 34, 68, -56, -153, 22, 141, 108, 11, -103, -52, -59, -61, 163, 201, -92, -172, -90, -82, 136, 378, 117, -371, -587, -22, 726, 243, -494, -406, 354, 653, 11, -438, -479]"
"[20, 0, -15, -12, -10, 23, 56, 28, -82, -123, -51, 299, 395, -215, -440, -143, 221, 294, -26, -396, -1164, 435, 2885, 2052, -1568, -4544, 3404, 3831, -7821, -10389, 831, 17820, 7055, -12285, -6034, 5128, 4078, -1530, -2034, -938, 480, 1128, -232, -748, 189, 567, -105, -465, 131, 539, 219, -851, -804, 297, 199, 522, 594, -105, -297, -527, -250, 384, 267, 57, 33, -168, -142, 7, 59, 82, 35, -70, -18, -44, -168, -5, 112, 270, 205, -273, -318, -16, 111, 220, 126, -112, -95, -91, -56, 102, 101, -12, -51, -44, 22, 2, -98, -22, 65, 156, 121, -135, -152, -90, -69, 190, 235, -11, -113, -154, -113, 44, 255, 250, -182, -628, -171, 687, 313, -408, -384, 284, 603, 20, -401, -455]"
"[-23, -15, -4, 41, 19, -5, 49, 13, -108, -139, -66, 341, 433, -212, -443, -163, 200, 291, 35, -349, -1157, -149, 1443, 3370, 1635, -4534, 1351, 2360, -6985, -10362, -999, 18640, 9118, -12139, -7238, 4272, 4252, -569, -1574, -1366, 169, 1064, -247, -704, 234, 730, -24, -661, -12, 678, 398, -898, -854, 228, 83, 466, 617, 121, -140, -685, -410, 351, 291, 146, 67, -203, -164, 33, 72, 46, 23, -2, 49, -77, -195, -97, 16, 348, 284, -237, -295, -46, 94, 186, 105, -101, -120, -77, -9, 152, 123, -76, -84, -16, 73, -13, -154, -77, 38, 243, 169, -143, -139, -83, -32, 127, 96, -39, -59, 1, -33, -46, 215, 249, -162, -665, -259, 697, 378, -343, -397, 233, 609, 46, -414, -462]"
"[-18, 16, 26, 4, -30, -25, 42, 76, -53, -173, -119, 344, 477, -200, -461, -193, 193, 307, 63, -305, -844, -623, -541, 3600, 4057, -2636, 708, 1137, -4181, -11899, -6705, 17875, 12159, -8715, -7350, 2195, 3834, 65, -1174, -1398, 81, 903, -307, -770, 126, 914, 220, -760, -319, 669, 668, -693, -834, 11, -20, 367, 466, 358, 163, -739, -614, 221, 325, 285, 117, -242, -201, -16, 80, 126, 46, -112, -100, 57, 129, -82, -259, 51, 266, 137, -87, -223, -73, 174, 187, -26, -136, -171, -64, 195, 131, -10, 25, -63, -30, -44, -91, -65, -41, 247, 234, -129, -158, -96, -53, 116, 147, 17, -107, -68, 30, -6, 105, 237, -2, -627, -371, 587, 375, -268, -416, 242, 687, 68, -462, -511]"
"[-2, 48, 22, -21, -21, 14, 65, 30, -83, -151, -100, 312, 440, -167, -430, -199, 196, 316, 73, -282, -420, -829, -2071, 2796, 4705, 98, 1704, -206, -2712, -12579, -10407, 16340, 13856, -5371, -6962, 47, 3116, 731, -782, -1389, -6, 834, -210, -825, -116, 923, 470, -619, -467, 399, 584, -364, -583, -106, -104, 256, 327, 396, 286, -613, -578, 76, 217, 298, 148, -178, -188, -70, 41, 183, 131, -144, -200, 28, 214, 4, -290, -92, 202, 282, 22, -320, -167, 221, 226, -67, -169, -112, -16, 168, 89, -19, 54, -45, -76, -66, -63, -7, 13, 204, 157, -188, -167, 13, 43, 60, 17, -1, 25, -6, -81, -90, 164, 317, -27, -663, -335, 626, 406, -358, -555, 268, 799, 159, -472, -614]"
"[34, 37, 7, -48, -44, 26, 74, 48, -76, -169, -102, 331, 439, -190, -428, -170, 208, 279, 10, -210, 229, -737, -3124, 882, 3441, 3436, 4186, -989, -1946, -12993, -12544, 14071, 13883, -2170, -5614, -1543, 2010, 758, -475, -889, 106, 544, -260, -758, -213, 825, 539, -435, -453, 228, 481, -257, -466, -57, -65, 154, 223, 379, 298, -550, -536, 87, 206, 232, 107, -91, -70, -116, -51, 114, 99, -77, -162, 35, 213, 32, -235, -144, 132, 277, 50, -291, -182, 200, 224, -46, -135, -101, -20, 135, 75, -42, 34, 3, -70, -99, -66, 52, 42, 180, 164, -196, -185, -9, -2, 114, 150, -4, -86, -111, -43, 7, 77, 230, 29, -464, -219, 460, 290, -363, -557, 294, 830, 189, -491, -654]"
"[-17, 11, 5, 17, 8, -5, 35, 34, -53, -137, -96, 276, 385, -168, -400, -132, 231, 254, -66, -178, 622, -342, -2676, -900, 596, 4550, 6165, 723, -434, -13868, -14047, 11816, 13205, 333, -4203, -2410, 1177, 418, -415, -365, 262, 347, -271, -687, -252, 687, 535, -268, -426, 70, 432, -109, -402, -122, -53, 159, 187, 333, 244, -529, -479, 180, 254, 105, -14, -59, 5, -62, -82, 103, 211, -87, -294, -66, 231, 200, -130, -259, -25, 283, 174, -199, -224, 79, 215, 20, -143, -107, 34, 124, 10, -70, 36, 43, -65, -75, -11, 40, 16, 147, 169, -206, -249, 0, 91, 192, 114, -173, -146, 69, 59, -120, -15, 314, 112, -520, -283, 483, 341, -372, -611, 261, 847, 273, -451, -751]"
"[-37, 22, 33, 27, 1, -24, 29, 36, -53, -127, -103, 269, 406, -132, -384, -196, 182, 290, -54, -181, 619, -87, -1884, -1412, -948, 3815, 6038, 2698, 1714, -14182, -15433, 9890, 12846, 2174, -3362, -2978, 776, 161, -517, -19, 448, 267, -277, -660, -259, 532, 441, -96, -306, -56, 281, -45, -310, -46, 52, 67, 9, 284, 373, -401, -537, 30, 238, 226, 20, -113, 9, -19, -93, 13, 175, 39, -206, -172, 136, 245, -80, -287, -87, 328, 274, -183, -247, -12, 146, 51, -112, -62, 58, 115, 16, -119, -25, 86, 13, -87, -82, 33, 57, 166, 160, -219, -240, 5, 70, 158, 105, -128, -134, 66, 103, -89, -20, 174, -20, -389, -144, 507, 334, -427, -617, 224, 783, 294, -423, -699]"
"[-15, 33, 35, -11, -30, -2, 59, 42, -69, -153, -129, 302, 450, -108, -374, -255, 117, 310, -60, -156, 535, 200, -852, -1598, -2158, 2422, 5142, 4731, 4133, -14140, -16629, 7907, 12298, 3612, -2747, -3012, 829, -188, -765, 97, 540, 288, -276, -588, -145, 419, 281, -79, -189, -38, 196, -95, -341, 41, 209, 82, -124, 139, 431, -225, -534, -119, 189, 309, 46, -143, 13, 32, -82, -81, 110, 145, -92, -233, 4, 272, 88, -235, -183, 141, 198, 3, -148, -53, 164, 61, -148, -141, 28, 188, 87, -128, -80, 26, 13, -31, -76, 13, 51, 204, 212, -245, -272, -31, 38, 168, 88, -99, -85, 144, 210, -241, -268, 194, 174, -250, -207, 340, 313, -309, -551, 163, 706, 299, -378, -681]"
"[-1, 29, 25, -13, -33, -12, 47, 69, -34, -162, -144, 282, 442, -104, -382, -234, 141, 297, -82, -199, 300, 377, -36, -1310, -2521, 992, 3729, 6009, 6301, -13336, -17216, 5648, 11285, 4813, -2129, -2707, 1075, -605, -1124, 109, 641, 430, -235, -592, -75, 327, 139, -65, -95, 0, 163, -140, -380, 50, 253, 159, -112, 31, 399, -122, -466, -226, 91, 359, 107, -132, 0, 50, -40, -160, 7, 204, -10, -243, -62, 262, 137, -179, -170, 62, 150, 52, -78, -71, 94, 31, -139, -93, 68, 180, 37, -151, -30, 73, -3, -97, -106, 50, 73, 201, 201, -237, -238, -27, -9, 122, 116, -6, -47, 53, 147, -219, -243, 215, 183, -272, -241, 358, 346, -287, -525, 104, 607, 340, -257, -668]"
"[22, 2, -22, -18, -12, 38, 76, 27, -73, -163, -135, 309, 457, -125, -400, -234, 155, 297, -105, -211, 214, 397, 162, -1057, -2296, 483, 2878, 5822, 6547, -11856, -15855, 4378, 9805, 4442, -1946, -1794, 1505, -922, -1399, 17, 675, 552, -224, -607, -30, 341, 128, -93, -74, -34, 68, -125, -308, 98, 235, 129, -112, 39, 426, -124, -502, -245, 92, 375, 128, -109, -11, 7, -23, -123, -1, 157, -46, -212, -14, 298, 145, -233, -188, 73, 143, 40, -99, -38, 163, 25, -207, -146, 84, 253, 58, -210, -53, 109, 22, -119, -124, 51, 59, 202, 221, -205, -227, -57, -25, 136, 143, -37, -139, 67, 239, -129, -206, 88, 79, -254, -198, 418, 372, -337, -568, 102, 594, 388, -169, -682]"
"[-6, 4, 0, 6, -4, 5, 44, 38, -53, -138, -115, 269, 404, -121, -366, -206, 135, 284, -54, -216, -4, 293, 396, -479, -1984, -279, 2435, 5817, 5949, -11371, -14464, 4584, 8760, 3561, -1554, -915, 1612, -1469, -1661, 95, 774, 657, -272, -644, 50, 383, 81, -147, -25, -24, -28, -145, -219, 155, 159, 77, -26, 109, 364, -235, -505, -117, 162, 290, 78, -98, -31, -24, -10, -48, 17, 96, -80, -189, -3, 307, 163, -205, -157, -3, 57, 78, -63, -16, 197, 36, -209, -217, 27, 291, 99, -175, -37, 68, -24, -106, -64, 73, 44, 134, 164, -182, -221, -22, 32, 160, 127, -109, -144, 99, 217, -156, -216, 141, 121, -267, -208, 385, 345, -307, -517, 94, 552, 357, -175, -644]"
"[-24, 44, 51, -16, -49, -14, 55, 60, -58, -144, -100, 285, 416, -154, -399, -199, 164, 300, -41, -254, -174, 155, 434, 209, -1456, -1059, 2239, 6033, 5022, -12019, -13675, 6159, 8645, 2409, -1344, -423, 1465, -1811, -1703, 191, 784, 658, -303, -614, 80, 371, 68, -112, 21, -76, -129, -89, -53, 152, 20, -47, -38, 278, 464, -308, -574, -115, 173, 308, 134, -76, -60, -132, -63, 44, 39, 80, -36, -159, -27, 256, 156, -197, -165, 44, 124, 20, -155, -31, 215, 108, -156, -230, -6, 227, 66, -101, 23, 41, -53, -127, -85, 77, 58, 183, 201, -239, -284, 7, 127, 165, 21, -215, -158, 279, 346, -251, -332, 129, 179, -225, -222, 344, 307, -280, -454, 137, 546, 255, -221, -551]"
"[-5, 30, 12, -20, -20, 8, 45, 38, -56, -130, -93, 273, 393, -144, -373, -187, 151, 278, -29, -222, -167, -66, 42, 798, -382, -1430, 1566, 5406, 3898, -11348, -11764, 6798, 7512, 1433, -578, -64, 818, -2070, -1464, 504, 876, 385, -606, -500, 313, 493, 30, -248, 29, -52, -213, -97, 41, 229, 11, -147, -80, 317, 479, -317, -557, -79, 165, 247, 126, -14, -29, -168, -75, 49, 24, 21, -87, -51, 70, 197, 83, -174, -131, 45, 146, 46, -133, -119, 115, 117, -128, -139, 64, 177, -4, -128, 57, 104, -42, -178, -112, 99, 91, 180, 158, -262, -251, 54, 107, 135, 100, -222, -324, 208, 447, -52, -278, -67, 60, -113, -92, 278, 158, -276, -344, 209, 513, 143, -269, -477]"
"[18, 10, -15, -13, 4, 26, 39, 9, -69, -101, -69, 267, 385, -165, -393, -161, 179, 267, -37, -200, -55, -273, -686, 1187, 1088, -1137, 883, 3887, 2574, -10202, -9838, 7331, 6478, 224, -314, 683, 705, -2260, -1285, 663, 954, 92, -925, -420, 512, 664, 56, -416, -67, -66, -256, 45, 211, 185, -74, -225, -91, 364, 459, -330, -517, -15, 199, 179, 53, -68, -61, -35, 44, -10, -43, -3, -96, -44, 88, 241, 110, -243, -193, 62, 144, 57, -101, -58, 145, 28, -188, -102, 95, 184, -5, -155, 11, 145, 39, -181, -159, 52, 92, 193, 118, -237, -210, 89, 190, 107, -46, -307, -235, 376, 441, -211, -325, 44, 120, -173, -121, 301, 130, -324, -329, 335, 585, 2, -396, -411]"
"[-49, 36, 46, 40, 5, -48, 1, 52, -36, -108, -70, 255, 364, -172, -384, -135, 183, 248, -59, -170, 171, -403, -1645, 1177, 2608, -47, 325, 1710, 1588, -8490, -8327, 6639, 4820, 383, 1163, 1206, 190, -3052, -1379, 979, 1040, 13, -1033, -351, 619, 675, 26, -450, -68, -99, -303, 111, 260, 171, -62, -207, -66, 304, 368, -336, -488, 57, 231, 159, 60, -111, -140, -26, 97, 49, -52, -47, -74, -14, 83, 213, 111, -251, -205, 81, 149, 26, -127, -11, 175, 7, -213, -74, 152, 174, -42, -193, -6, 176, 74, -176, -178, 30, 94, 187, 76, -197, -130, 96, 146, 37, -57, -213, -169, 283, 364, -178, -310, 34, 130, -103, -45, 203, -17, -318, -238, 455, 633, -136, -515, -373]"
"[26, 17, 0, -42, -42, 31, 75, 31, -93, -119, -15, 294, 348, -250, -434, -84, 220, 264, -65, -174, 439, -418, -2542, 576, 3264, 1890, 1058, -368, 441, -7598, -7631, 6046, 3771, 1171, 2535, 1042, -522, -3457, -1308, 1208, 1040, -44, -1061, -273, 704, 662, -33, -517, -78, -65, -328, 180, 361, 132, -123, -235, -41, 326, 364, -370, -518, 43, 206, 231, 153, -138, -222, -75, 125, 119, -68, -88, -55, 39, 109, 153, 76, -229, -196, 60, 137, 47, -122, -16, 184, 17, -207, -100, 134, 191, -29, -212, -38, 189, 110, -145, -163, -7, 68, 168, 56, -161, -109, 105, 215, 11, -186, -282, -115, 418, 363, -264, -308, 129, 220, -198, -183, 172, 35, -204, -226, 378, 635, -96, -517, -391]"
"[14, 19, -7, -17, -7, 31, 55, -6, -113, -71, 27, 272, 315, -264, -434, -54, 255, 239, -128, -183, 677, -274, -2971, -347, 2825, 3687, 2300, -1307, 407, -7472, -8279, 4932, 3432, 2527, 3254, 572, -920, -3447, -1154, 1280, 1020, -89, -1072, -286, 687, 700, 19, -511, -111, -168, -403, 337, 506, 62, -200, -235, -1, 306, 313, -339, -460, 27, 168, 223, 149, -134, -209, -66, 95, 128, 12, -74, -120, -35, 108, 232, 110, -272, -241, 71, 174, 74, -106, -68, 104, 24, -123, -29, 109, 83, -72, -134, 15, 191, 101, -173, -163, 0, 60, 154, 57, -133, -91, 60, 135, 40, -102, -204, -90, 301, 289, -221, -280, 109, 185, -125, -68, 109, -89, -243, -195, 462, 659, -134, -531, -400]"
"[-28, -17, -4, 36, 11, -7, 40, 23, -96, -117, -16, 322, 368, -285, -459, -67, 241, 246, -138, -157, 908, -88, -3055, -1477, 1573, 5155, 3718, -1142, 1250, -8017, -9769, 3650, 3405, 4083, 3801, 254, -976, -3632, -1307, 1247, 1031, 92, -953, -406, 573, 713, 60, -487, -121, -218, -473, 442, 654, 34, -259, -291, -33, 294, 317, -257, -405, -63, 100, 264, 175, -145, -199, -45, 70, 118, 75, -77, -212, -67, 164, 303, 111, -321, -253, 69, 165, 125, -42, -108, 52, 3, -128, 1, 127, 59, -102, -113, 42, 174, 62, -164, -134, 31, 72, 141, 68, -162, -114, 53, 89, 68, 23, -175, -197, 176, 327, -108, -324, 34, 218, -67, -124, 116, 68, -241, -353, 338, 694, 49, -459, -512]"
"[-20, 26, 29, -8, -28, 3, 56, 34, -73, -135, -81, 301, 415, -203, -442, -148, 211, 283, -123, -183, 944, 59, -2846, -2120, 475, 5764, 4550, -747, 1878, -7884, -9876, 2163, 2309, 4677, 4208, 913, -543, -3969, -1600, 1062, 1056, 335, -864, -579, 460, 778, 106, -491, -116, -226, -537, 460, 732, 81, -219, -356, -145, 235, 323, -94, -280, -158, -6, 216, 162, -60, -116, -67, -7, 79, 132, -4, -230, -166, 118, 379, 161, -323, -236, 44, 107, 123, 6, -72, 65, -42, -183, -7, 140, 118, -40, -137, -20, 119, 75, -82, -112, -40, 35, 178, 104, -180, -180, 60, 180, 109, -77, -272, -133, 344, 355, -267, -400, 93, 239, -14, -54, 79, 27, -264, -371, 326, 690, 106, -421, -551]"
"[12, 11, -9, -18, -8, 22, 51, 25, -76, -120, -58, 284, 376, -196, -414, -145, 198, 291, -133, -220, 929, 442, -1822, -3096, -2040, 5697, 5859, 989, 2710, -8099, -9588, 469, 790, 4966, 4415, 1872, 92, -4192, -1770, 784, 911, 451, -754, -573, 406, 780, 149, -508, -122, -205, -558, 369, 672, 206, -91, -378, -219, 147, 306, 18, -202, -216, -76, 217, 189, -50, -128, -66, -26, 72, 174, 46, -227, -279, 23, 457, 235, -279, -201, -35, 10, 127, 49, -9, 89, -80, -219, -17, 164, 155, -23, -184, -56, 95, 19, -26, -12, -1, 3, 98, 116, -135, -198, -7, 143, 186, -6, -286, -160, 324, 357, -269, -407, 75, 192, 5, -4, 139, 75, -327, -427, 298, 670, 145, -393, -536]"
"[-26, -11, -10, 27, 16, 15, 59, 7, -100, -132, -64, 312, 404, -206, -443, -152, 219, 312, -158, -249, 824, 705, -747, -3370, -3746, 4454, 5758, 3157, 4110, -8323, -9648, -414, 470, 4643, 3684, 2367, 707, -3897, -1717, 466, 700, 575, -508, -628, 194, 706, 215, -373, -44, -227, -569, 186, 455, 321, 58, -222, -114, -20, 146, 7, -157, -126, -27, 169, 125, -57, -69, -39, -53, 27, 159, 100, -142, -331, -103, 434, 285, -220, -191, -35, 6, 87, 42, 36, 128, -113, -275, -29, 181, 204, -1, -190, -29, 77, -24, -75, -58, 63, 70, 121, 130, -185, -232, -20, 103, 246, 123, -329, -339, 297, 507, -149, -428, -85, 95, 82, 63, 189, 115, -362, -451, 224, 594, 235, -278, -553]"
"[-32, 33, 25, 4, -5, 2, 50, 29, -63, -147, -117, 295, 427, -147, -406, -194, 188, 292, -200, -233, 729, 865, 76, -3174, -4363, 2755, 4157, 5017, 6679, -7707, -10452, -2221, 580, 5028, 2606, 2376, 1459, -3216, -1607, 33, 486, 655, -309, -661, 55, 648, 222, -324, -12, -122, -454, -6, 253, 360, 115, -124, -38, -73, 74, -14, -137, -78, -16, 125, 110, 2, -5, -94, -131, 0, 143, 186, -6, -357, -229, 321, 258, -81, -99, -19, 36, -4, -48, 19, 133, -29, -227, -74, 160, 213, -15, -194, 23, 88, -66, -131, -75, 103, 70, 136, 151, -167, -195, -66, -3, 244, 232, -254, -404, 170, 490, 17, -278, -209, -64, 41, 50, 298, 230, -355, -498, 107, 514, 343, -151, -551]"
"[11, 29, 2, -33, -26, 21, 58, 42, -67, -142, -83, 305, 414, -188, -427, -170, 187, 297, -182, -248, 530, 913, 630, -2667, -4094, 1239, 2139, 5770, 8517, -6361, -10637, -3653, 886, 5055, 1344, 2170, 2019, -2372, -1335, -287, 224, 591, -98, -566, -71, 486, 188, -186, 71, -88, -353, -164, 38, 349, 160, 7, 20, -100, 84, -47, -203, -86, 35, 172, 85, -39, 16, -61, -118, -52, 48, 207, 111, -272, -263, 183, 230, -11, -93, -20, 58, -13, -75, 4, 135, 21, -195, -121, 120, 235, 13, -188, 16, 85, -51, -141, -99, 104, 93, 139, 128, -176, -155, -37, -62, 149, 247, -79, -322, -6, 334, 123, -122, -210, -147, -34, 23, 383, 319, -364, -520, 26, 406, 392, -28, -482]"
"[17, -14, -34, -9, -2, 34, 56, 25, -62, -132, -92, 287, 414, -174, -429, -169, 206, 301, -198, -291, 339, 957, 940, -2139, -3491, 264, 789, 5852, 9290, -5737, -11040, -3863, 1763, 5032, 337, 1666, 2270, -1656, -1073, -516, -16, 536, 97, -433, -110, 302, 87, -122, 126, 31, -223, -297, -121, 321, 161, 87, 80, -98, 97, -49, -246, -172, 36, 303, 117, -134, -20, -16, -84, -41, 45, 152, 88, -212, -220, 157, 208, -27, -81, -19, -3, -23, -15, 73, 132, -35, -182, -112, 95, 204, -11, -160, 53, 120, -36, -202, -126, 135, 96, 103, 109, -127, -113, -58, -83, 122, 228, -64, -337, -2, 363, 157, -107, -228, -116, -90, -93, 399, 408, -297, -522, -53, 346, 427, 28, -453]"
"[-28, 0, 27, 17, -22, -18, 48, 51, -70, -131, -61, 296, 378, -204, -416, -129, 203, 275, -185, -277, 264, 879, 844, -1769, -2792, 111, 328, 5153, 8766, -5244, -10681, -3376, 2339, 4552, -384, 1420, 2391, -1213, -860, -592, -170, 404, 156, -280, -75, 199, 25, -106, 128, 67, -136, -318, -230, 242, 172, 213, 142, -161, 56, -42, -235, -199, 22, 336, 114, -161, -26, 28, -48, -48, 47, 120, 33, -218, -183, 231, 258, -112, -200, -20, 82, 85, -18, -52, 89, 30, -141, -108, 78, 158, -28, -97, 91, 78, -69, -180, -78, 110, 10, 92, 183, -51, -121, -148, -136, 155, 276, -5, -297, -81, 276, 157, -66, -152, -91, -161, -129, 414, 411, -280, -500, -66, 322, 415, 7, -422]"
"[23, 16, -8, -35, -36, 33, 77, 46, -75, -153, -76, 313, 386, -220, -425, -101, 221, 248, -199, -270, 177, 779, 690, -1328, -2053, 114, 427, 4304, 7450, -5490, -10310, -1821, 3063, 3730, -708, 1396, 2295, -1278, -857, -405, -66, 312, 80, -287, -57, 219, 38, -106, 112, 50, -121, -294, -238, 212, 160, 238, 162, -157, 64, -60, -273, -184, 80, 348, 69, -217, -32, 91, -16, -66, 40, 88, -14, -175, -115, 217, 205, -138, -207, 42, 164, 39, -122, -66, 155, 87, -156, -167, 75, 191, -24, -133, 61, 117, -25, -183, -90, 90, 3, 98, 173, -65, -123, -100, -81, 107, 177, -14, -230, -2, 299, 68, -160, -132, -18, -100, -125, 377, 417, -337, -588, 4, 429, 410, -50, -456]"
"[23, -1, -32, 2, 24, 24, 36, -5, -99, -93, -28, 302, 379, -226, -427, -124, 202, 275, -155, -300, 72, 710, 557, -1094, -1721, 350, 1046, 3875, 6415, -6448, -10600, -318, 3723, 3352, -584, 1472, 2157, -1662, -1004, -218, 55, 354, 36, -359, -50, 271, 55, -124, 114, 1, -212, -248, -139, 253, 135, 180, 175, -133, 29, -106, -276, -116, 121, 338, 79, -259, -97, 91, 15, -13, 57, 45, -48, -145, -53, 197, 115, -135, -76, 70, 22, -74, -71, 138, 252, -90, -300, -110, 155, 198, -68, -114, 113, 85, -81, -163, -48, 82, -8, 118, 184, -111, -154, -62, -53, 108, 183, -23, -239, -11, 292, 73, -147, -122, -33, -129, -127, 420, 444, -359, -615, -21, 422, 454, -31, -474]"
"[-33, 28, 47, 18, -14, -33, 31, 36, -93, -115, -38, 315, 394, -229, -448, -150, 205, 316, -132, -320, 50, 627, 369, -992, -1589, 677, 1732, 3632, 5675, -7328, -10980, 720, 4220, 3348, -259, 1334, 1830, -2031, -1129, 107, 317, 315, -140, -480, -38, 383, 98, -92, 161, -117, -341, -180, -57, 285, 155, 148, 150, -158, -3, -86, -207, -91, 57, 278, 119, -204, -128, 60, 60, 15, 35, 6, -54, -135, -44, 210, 120, -161, -130, 64, 54, 32, 13, 8, 125, -65, -257, -77, 177, 221, -45, -193, 35, 129, -16, -143, -66, 53, -6, 125, 190, -120, -196, -74, -15, 182, 198, -134, -303, 68, 350, 45, -183, -108, 2, -120, -106, 372, 365, -370, -579, 47, 439, 416, -30, -481]"
"[-12, 24, 15, -12, -30, 12, 69, 35, -87, -137, -64, 300, 388, -203, -423, -142, 195, 286, -126, -289, 82, 485, 73, -888, -1541, 1032, 2651, 3750, 5063, -8836, -11802, 2106, 5119, 3325, -202, 1000, 1521, -2146, -1107, 346, 464, 216, -287, -525, 8, 465, 108, -104, 197, -170, -450, -162, 9, 375, 229, 58, 38, -182, 22, 7, -150, -152, -18, 282, 169, -165, -128, 1, 8, 47, 83, 19, -82, -163, -32, 249, 122, -197, -144, 100, 115, 5, -72, -11, 157, -24, -258, -70, 199, 185, -75, -174, 56, 126, -36, -153, -61, 74, -5, 112, 189, -101, -178, -98, -32, 204, 217, -162, -325, 85, 361, 47, -182, -109, 8, -128, -114, 380, 368, -398, -627, 107, 558, 407, -131, -567]"
"[12, -17, -30, -3, -7, 34, 74, 18, -110, -129, -35, 316, 381, -236, -438, -124, 203, 287, -112, -283, 106, 398, -109, -865, -1719, 1244, 3801, 4271, 4197, -11127, -12777, 4554, 6566, 2684, -522, 817, 1464, -2255, -1225, 397, 538, 297, -283, -590, -26, 474, 116, -93, 188, -140, -390, -196, -53, 364, 254, 74, 8, -197, 26, 66, -72, -210, -126, 261, 232, -103, -159, -64, -10, 109, 147, 38, -74, -254, -90, 285, 130, -207, -130, 164, 139, -87, -118, 44, 158, -40, -220, -8, 229, 94, -168, -161, 116, 180, -56, -200, -38, 106, -8, 78, 172, -101, -202, -80, 17, 229, 190, -197, -279, 96, 282, 4, -143, -29, 6, -174, -95, 409, 348, -446, -652, 151, 608, 408, -153, -614]"
"[-22, 27, 31, 6, -24, -7, 65, 35, -105, -128, -32, 312, 379, -235, -436, -127, 204, 288, -117, -271, 194, 349, -264, -903, -1828, 1204, 4061, 4926, 4381, -12316, -13600, 5538, 7478, 2522, -860, 509, 1418, -2114, -1212, 409, 573, 303, -304, -614, -5, 487, 90, -128, 179, -88, -359, -240, -102, 398, 308, 75, 6, -236, -49, 81, 14, -155, -171, 189, 260, -47, -183, -115, -14, 172, 200, -9, -147, -259, -36, 317, 75, -246, -71, 234, 108, -196, -125, 146, 156, -92, -158, 17, 124, 43, -78, -71, 80, 87, -59, -152, -49, 96, 4, 88, 176, -89, -178, -118, -53, 235, 258, -123, -276, -34, 206, 103, -65, -58, -30, -183, -104, 414, 359, -434, -653, 168, 661, 363, -252, -633]"
"[15, -16, -32, -7, -15, 34, 83, 34, -102, -159, -59, 336, 409, -244, -473, -123, 243, 303, -124, -299, 242, 335, -409, -891, -1586, 976, 3193, 5277, 5546, -11850, -13885, 4639, 7305, 2826, -918, 438, 1465, -1997, -1219, 404, 634, 309, -319, -688, -63, 540, 152, -129, 130, -96, -299, -228, -152, 359, 312, 126, 46, -275, -140, 88, 116, -78, -189, 72, 223, -7, -196, -102, 30, 177, 191, -45, -195, -247, 4, 373, 110, -313, -122, 227, 86, -165, -85, 156, 147, -102, -169, -14, 116, 119, -17, -145, 0, 105, -7, -127, -69, 54, -15, 145, 225, -123, -215, -89, 2, 169, 165, -80, -212, -18, 209, 80, -91, -86, -52, -146, -66, 434, 363, -463, -656, 167, 648, 350, -259, -611]"
"[-25, 23, 28, 7, -6, -16, 22, 39, -55, -108, -51, 275, 370, -214, -424, -125, 201, 279, -125, -263, 333, 336, -582, -926, -1145, 854, 2132, 5416, 7028, -11562, -15113, 3829, 7735, 3732, -761, 49, 1361, -2045, -1272, 440, 643, 349, -274, -693, -83, 511, 123, -109, 197, -28, -272, -374, -280, 411, 381, 195, 75, -332, -193, 55, 109, 30, -102, -19, 129, 8, -136, -74, -20, 140, 233, 22, -184, -320, -47, 385, 144, -261, -107, 145, 20, -114, -35, 185, 207, -141, -274, -69, 161, 224, -6, -232, -45, 165, 39, -142, -69, 57, -14, 100, 175, -90, -161, -72, -24, 158, 192, -101, -261, 14, 280, 63, -157, -89, 28, -135, -165, 372, 417, -354, -642, 83, 626, 374, -253, -617]"
"[12, 49, 24, -35, -38, 15, 63, 30, -88, -120, -36, 294, 367, -237, -440, -104, 224, 283, -133, -268, 405, 353, -789, -1035, -611, 1079, 1010, 4517, 7717, -9343, -14131, 1704, 6371, 4115, -471, 463, 1524, -2171, -1311, 480, 639, 282, -250, -644, -96, 445, 72, -85, 210, 39, -180, -420, -354, 351, 367, 257, 106, -351, -207, 60, 107, 32, -76, -26, 77, 10, -65, -40, -49, 84, 214, 17, -202, -250, 18, 344, 109, -281, -149, 156, 70, -45, -20, 103, 182, -122, -293, -53, 210, 193, -96, -207, 38, 197, 33, -185, -86, 64, -18, 91, 182, -69, -183, -99, -14, 226, 242, -171, -335, 35, 315, 80, -153, -94, 14, -157, -175, 412, 465, -367, -681, 48, 619, 416, -228, -617]"
"[-27, 13, 12, 13, -8, -3, 46, 34, -71, -134, -85, 306, 420, -193, -433, -150, 216, 276, -175, -264, 484, 428, -940, -1219, -213, 1466, 246, 3615, 8366, -7582, -13698, -267, 5205, 4838, 0, 829, 1739, -2383, -1448, 381, 590, 360, -172, -619, -99, 399, 49, -95, 210, 68, -195, -419, -274, 346, 256, 193, 130, -231, -131, -11, 23, 30, -34, 12, 77, -24, -78, -29, -35, 79, 202, 17, -182, -278, -72, 369, 217, -215, -196, 68, 99, 22, -23, 40, 153, -100, -276, -43, 188, 197, -52, -206, -11, 169, 62, -153, -124, 38, 35, 152, 190, -164, -245, -49, 25, 218, 255, -150, -349, -49, 270, 177, -80, -162, -69, -114, -113, 411, 448, -358, -648, 13, 548, 423, -173, -577]"
"[-37, 27, 48, 15, -32, -10, 72, 33, -100, -126, -45, 295, 379, -215, -443, -123, 243, 288, -181, -296, 500, 527, -985, -1541, -196, 2217, 462, 2398, 7702, -6260, -12686, -988, 4575, 4552, -332, 1394, 2395, -2407, -1734, 143, 640, 475, -210, -640, -33, 406, -23, -143, 248, 160, -189, -514, -293, 433, 277, 117, 101, -151, -63, -87, -68, 39, -3, 48, 86, -31, -78, -12, 0, 38, 123, 11, -147, -211, -55, 310, 180, -182, -137, 75, 88, -32, -65, 28, 137, 0, -164, -133, 55, 215, 47, -158, -34, 86, 4, -107, -66, 81, 38, 80, 148, -116, -203, -62, 13, 215, 262, -175, -394, -33, 297, 198, -69, -152, -54, -145, -137, 398, 436, -327, -617, 1, 539, 421, -175, -588]"
"[1, 27, 7, -32, -30, 32, 74, 21, -96, -135, -61, 315, 409, -212, -450, -151, 219, 304, -158, -300, 485, 641, -821, -2037, -907, 3092, 1591, 1715, 6859, -5770, -11943, -1489, 3937, 4437, -435, 1846, 2802, -2465, -1895, -3, 618, 560, -153, -621, -13, 371, -67, -192, 225, 239, -144, -542, -286, 433, 263, 78, 59, -122, -21, -44, -58, -7, -7, 57, 62, -53, -54, 35, 1, -18, 101, 45, -123, -212, -81, 296, 205, -138, -128, 8, 28, -2, -35, 71, 186, -19, -197, -194, 37, 265, 68, -191, -94, 101, 46, -51, -38, 53, 28, 57, 146, -113, -220, -71, 2, 217, 255, -117, -326, -63, 269, 155, -105, -138, -44, -114, -106, 378, 398, -322, -581, 15, 521, 410, -147, -588]"
"[-18, 6, 22, 1, -35, -6, 62, 46, -89, -134, -46, 320, 392, -242, -442, -126, 190, 273, -154, -253, 522, 694, -689, -2433, -1703, 3632, 2578, 1855, 6952, -6066, -12576, -2056, 4319, 5148, -879, 1364, 3082, -2019, -1923, -215, 582, 630, -90, -625, -27, 354, -65, -224, 175, 290, -63, -540, -298, 398, 227, 38, 25, -54, 53, -34, -95, -64, 2, 112, 77, -100, -90, 48, 13, 6, 136, 39, -144, -261, -121, 336, 252, -124, -149, -15, 54, 22, -40, 36, 174, -6, -178, -192, 20, 233, 39, -167, -70, 142, 83, -93, -71, 39, 17, 77, 178, -116, -245, -94, 1, 241, 258, -116, -315, -61, 269, 156, -109, -174, -69, -74, -98, 375, 428, -309, -591, -31, 477, 434, -105, -563]"
"[-21, 35, 29, -6, -17, 3, 43, 21, -73, -108, -75, 274, 401, -162, -417, -188, 180, 309, -148, -301, 452, 821, -286, -2713, -2710, 3600, 3238, 2722, 7634, -6585, -13540, -2770, 4918, 6152, -1333, 388, 3098, -1246, -1731, -485, 439, 676, 20, -577, -30, 286, -107, -226, 151, 344, 42, -539, -343, 326, 191, 49, 25, -23, 64, -18, -65, -107, -67, 125, 142, -42, -81, -33, -45, 28, 162, 68, -133, -265, -115, 309, 247, -113, -176, -32, 78, 67, -28, -21, 116, 22, -137, -180, -6, 240, 80, -169, -85, 123, 86, -90, -81, 21, 2, 99, 181, -95, -199, -98, -39, 175, 231, -34, -263, -102, 229, 165, -71, -152, -70, -126, -164, 401, 508, -242, -579, -148, 381, 486, -14, -512]"
"[-17, -20, -5, 20, -13, 6, 64, 43, -77, -152, -91, 309, 408, -190, -423, -157, 195, 287, -159, -296, 403, 882, 83, -2822, -3451, 3239, 3329, 3574, 8393, -6518, -13895, -3746, 5160, 6993, -1728, -678, 2920, -330, -1416, -678, 325, 625, 70, -506, -27, 259, -78, -249, 66, 330, 131, -466, -368, 237, 171, 73, 17, 5, 106, -21, -93, -136, -58, 173, 180, -103, -166, -8, 24, 34, 119, 82, -73, -304, -197, 325, 318, -100, -241, -45, 154, 97, -62, -91, 88, 61, -122, -165, 28, 250, 69, -235, -127, 172, 137, -88, -128, -22, 6, 177, 243, -130, -239, -138, -38, 220, 243, -68, -301, -82, 271, 189, -77, -180, -58, -128, -196, 384, 508, -192, -515, -186, 282, 470, 45, -449]"
"[1, 37, 18, -20, -36, 6, 63, 56, -63, -152, -83, 292, 375, -182, -382, -143, 177, 257, -162, -284, 431, 861, -110, -2802, -2969, 3518, 2900, 2522, 7834, -4892, -12387, -4540, 4387, 6725, -1915, -739, 2995, 63, -1330, -821, 258, 568, 62, -376, 50, 212, -113, -285, 57, 360, 134, -469, -344, 252, 163, 37, 8, 22, 119, -33, -129, -140, -35, 200, 180, -103, -146, -35, -13, 55, 162, 86, -99, -331, -206, 330, 304, -60, -182, -37, 156, 27, -129, -65, 113, 77, -133, -162, 57, 265, 56, -254, -101, 175, 113, -123, -158, 30, 86, 155, 164, -170, -224, -70, -15, 164, 191, -6, -184, -115, 156, 133, -36, -104, -68, -171, -214, 392, 504, -148, -473, -203, 288, 449, 18, -485]"
"[6, 9, 8, -8, -27, 7, 61, 41, -69, -137, -75, 284, 371, -185, -404, -131, 211, 273, -178, -316, 443, 871, -204, -2793, -2738, 3699, 3044, 1875, 6642, -4516, -11085, -3706, 4165, 5603, -2204, -312, 3199, -10, -1511, -816, 383, 610, 10, -402, 70, 230, -112, -291, 87, 334, 49, -472, -307, 310, 185, 23, 8, 24, 158, -74, -215, -133, 26, 221, 133, -112, -115, -35, -34, 54, 163, 93, -84, -327, -205, 307, 264, -41, -115, -32, 88, -13, -78, -22, 63, 36, -113, -88, 111, 211, 1, -279, -125, 214, 176, -120, -242, -9, 160, 250, 162, -275, -266, -25, 3, 173, 211, -9, -209, -150, 155, 203, 22, -188, -191, -139, -104, 467, 502, -255, -517, -167, 286, 442, 24, -449]"
"[-30, 6, 28, 26, -9, -34, 13, 45, -49, -80, -19, 235, 303, -220, -403, -62, 254, 234, -213, -309, 472, 853, -359, -2710, -2376, 3827, 3114, 1390, 5759, -4603, -10381, -2706, 3929, 4656, -1972, 411, 3162, -603, -1637, -547, 523, 548, -93, -477, 60, 314, -103, -287, 180, 300, -129, -529, -226, 463, 226, -39, 45, 28, 89, -206, -258, 38, 100, 137, 99, -69, -92, -87, -64, 102, 185, 73, -80, -320, -228, 302, 285, -17, -85, -76, 1, -11, -11, 58, 66, -61, -149, -13, 176, 158, -52, -289, -142, 239, 187, -70, -136, -38, 44, 130, 129, -117, -175, -83, -39, 202, 250, -80, -293, -80, 257, 204, -34, -246, -184, -81, -81, 432, 468, -269, -520, -128, 315, 435, 17, -458]"
"[37, 4, -15, -24, -27, 7, 51, 52, -70, -132, -44, 306, 372, -247, -453, -101, 250, 284, -177, -331, 456, 765, -618, -2442, -1589, 3764, 2511, 804, 5440, -4193, -9821, -2419, 3339, 4283, -1222, 1009, 2857, -1347, -1706, -164, 658, 408, -247, -487, 111, 375, -96, -265, 234, 185, -311, -438, -81, 521, 246, -88, 35, -11, 17, -237, -240, 162, 158, 59, 65, -58, -81, -93, -67, 89, 151, 79, -47, -310, -278, 325, 407, 6, -159, -218, -56, 118, 47, 16, 51, -8, -74, -77, 64, 125, -26, -201, -110, 194, 168, -69, -150, -38, 73, 164, 128, -170, -188, -48, -13, 198, 245, -140, -378, -13, 385, 233, -87, -375, -265, 47, 73, 413, 372, -350, -526, -53, 356, 412, -29, -468]"
"[-20, 17, 20, 0, -27, 9, 67, 41, -75, -143, -59, 283, 342, -199, -390, -106, 208, 263, -151, -310, 429, 634, -889, -1913, -479, 3185, 1242, 696, 5911, -4092, -10120, -2129, 3362, 4397, -495, 1028, 2330, -1889, -1714, 228, 800, 300, -358, -514, 124, 412, -73, -196, 307, 3, -529, -297, 90, 538, 247, -118, -1, -63, 1, -191, -194, 159, 118, 21, 80, -24, -103, -119, -41, 120, 117, 58, -20, -277, -248, 319, 387, -77, -243, -127, 80, 115, -56, -38, 122, 62, -82, -172, -23, 171, 47, -123, -65, 105, 91, -67, -119, -9, 58, 146, 144, -149, -214, -55, 67, 207, 140, -230, -378, 124, 495, 173, -226, -428, -152, 209, 76, 186, 260, -212, -450, -72, 368, 411, -55, -489]"
"[15, 17, -6, -8, -3, 18, 48, 10, -86, -111, -49, 296, 382, -210, -430, -141, 199, 301, -113, -305, 369, 485, -913, -1313, 89, 2041, 110, 1724, 6858, -4741, -10781, -1735, 3578, 4630, 117, 710, 1666, -2126, -1566, 564, 884, 191, -413, -545, 96, 438, -45, -148, 340, -93, -640, -215, 193, 537, 255, -125, -41, -132, -28, -115, -145, 142, 97, 33, 104, -59, -149, -94, -15, 120, 115, 60, -31, -274, -186, 313, 283, -151, -226, 37, 182, -4, -175, -1, 237, 72, -169, -240, -19, 245, 99, -128, -104, 52, 106, 7, -112, -84, 43, 226, 176, -249, -278, 31, 139, 147, 51, -205, -312, 173, 522, 92, -353, -408, -30, 318, 87, 32, 147, -168, -393, 15, 438, 321, -169, -507]"
"[-42, 10, 24, 31, -3, -5, 62, 27, -90, -157, -97, 318, 417, -173, -407, -165, 187, 275, -119, -282, 250, 370, -531, -816, -511, 731, 264, 3831, 7539, -6545, -11683, -1055, 4070, 4938, 338, 105, 1142, -1976, -1333, 743, 900, 57, -496, -518, 139, 481, -27, -150, 351, -161, -701, -140, 241, 485, 222, -50, 18, -194, -62, -92, -149, 84, 64, 133, 188, -124, -199, -97, -51, 131, 192, 111, -50, -352, -193, 316, 235, -106, -111, 6, 28, -46, -86, 139, 291, -86, -308, -174, 67, 256, 70, -103, -47, 18, 89, -18, -187, -100, 101, 312, 162, -314, -282, 59, 165, 183, 71, -290, -371, 236, 582, 61, -400, -376, 52, 282, -37, 3, 213, -69, -397, -50, 442, 352, -173, -532]"
"[28, 17, -15, -27, -13, 38, 72, 7, -104, -114, -35, 283, 355, -211, -415, -119, 215, 297, -80, -341, 34, 377, -146, -774, -1430, 1054, 2438, 3782, 5420, -7952, -11450, 593, 4898, 4743, 76, -672, 710, -1484, -934, 813, 816, -153, -553, -431, 155, 485, -5, -146, 344, -180, -721, -131, 281, 474, 167, -40, 73, -215, -117, -36, -70, 24, -9, 160, 223, -141, -223, -70, -29, 126, 199, 84, -89, -319, -160, 285, 188, -34, -4, -67, -118, -22, 75, 197, 191, -285, -431, 62, 324, 230, -62, -246, -23, 117, 42, -87, -156, -18, 99, 262, 162, -285, -270, 58, 181, 141, 9, -284, -358, 301, 656, 12, -474, -391, 66, 294, -17, 49, 223, -157, -457, 27, 531, 321, -243, -545]"
"[-27, 25, 38, 0, -45, -9, 70, 47, -101, -123, -11, 296, 329, -244, -412, -85, 215, 268, -113, -354, -108, 568, 195, -630, -547, 838, 645, 1775, 5180, -4303, -9475, -1368, 3875, 4939, 103, -987, 534, -988, -619, 630, 577, -216, -465, -256, 202, 405, -25, -207, 277, -32, -534, -266, 104, 478, 191, -12, 78, -170, -57, -40, -96, -60, -58, 222, 266, -132, -223, -80, 11, 101, 104, 55, -44, -234, -168, 233, 200, 14, 2, -113, -131, 8, 90, 180, 172, -271, -398, 78, 335, 178, -124, -249, 4, 164, 15, -93, -43, 25, 20, 92, 103, -142, -189, 33, 129, 130, 67, -266, -426, 263, 701, 97, -440, -499, -46, 344, 75, 92, 225, -224, -503, 25, 495, 363, -171, -504]"
"[22, -2, -15, -13, -16, 5, 40, 47, -50, -126, -79, 272, 373, -182, -399, -130, 200, 268, -170, -317, 124, 903, 1062, -1615, -2820, -39, 540, 4334, 6804, -3992, -8596, -2900, 2729, 4731, -58, -959, 472, -453, -263, 455, 301, -337, -342, -33, 244, 245, -127, -231, 276, 154, -376, -443, -63, 535, 269, -22, 49, -164, -76, -37, -24, -17, -94, 119, 220, -49, -143, -55, -22, -11, 63, 186, 60, -308, -267, 220, 253, 61, 3, -138, -124, -43, -20, 195, 236, -95, -230, -127, 98, 185, -54, -150, 72, 168, -10, -213, -94, 112, 53, 54, 73, -102, -156, 27, 144, 127, 28, -304, -401, 323, 697, 33, -435, -474, -90, 326, 94, 135, 244, -216, -467, -43, 378, 404, -30, -425]"
"[-29, -9, 5, 31, 4, -2, 49, 23, -74, -122, -64, 278, 370, -193, -422, -133, 226, 301, -158, -306, 686, 804, -617, -3397, -3375, 4898, 5152, 1065, 3201, -5096, -8591, -1220, 3880, 4669, -618, -1672, 434, 130, -15, 182, 44, -314, -203, 90, 233, 117, -202, -141, 379, 128, -449, -474, -61, 600, 313, -70, 20, -143, -115, -50, 82, 57, -171, -30, 245, 93, -146, -205, -96, 120, 153, 161, 51, -331, -290, 191, 229, 111, 49, -150, -111, -62, -104, 135, 260, 87, -116, -290, -39, 225, 18, -124, 25, 107, -4, -127, -122, 87, 164, 150, 103, -273, -286, 38, 155, 182, 40, -248, -319, 264, 616, 5, -416, -429, -86, 291, 60, 177, 311, -230, -545, -42, 471, 434, -71, -517]"
"[-2, 22, 13, -8, -23, -4, 45, 43, -63, -129, -71, 283, 389, -187, -426, -156, 199, 291, -120, -222, 791, 29, -2889, -1218, 3109, 4399, -1166, -3670, 4047, 653, -7023, -2886, 4026, 4450, -1402, -2254, 611, 997, 260, -439, -445, -136, 80, 275, 172, -78, -174, 47, 403, -110, -545, -230, 118, 383, 50, 30, 265, -56, -217, -253, 46, 232, -82, -134, 149, 100, -147, -130, 25, 87, 9, 74, 90, -163, -234, 94, 228, 128, -22, -196, -53, 40, -104, 22, 212, 172, -43, -367, -167, 283, 146, -117, -31, 106, 73, -154, -177, 9, 66, 212, 173, -200, -241, -18, 84, 181, 154, -199, -391, 84, 488, 194, -193, -408, -192, 130, 76, 283, 265, -294, -505, 44, 507, 375, -138, -553]"
"[-8, 14, 12, -8, -21, 15, 60, 42, -55, -152, -112, 268, 398, -138, -390, -188, 170, 305, -7, -261, 150, -267, -1729, 469, 2664, 1145, -2165, -698, 5430, -578, -8071, -3055, 4614, 5495, -1305, -3262, 473, 1419, 209, -845, -608, 304, 396, 90, -100, -145, 27, 260, 278, -488, -683, 269, 523, 117, -240, -63, 312, 117, -187, -376, 6, 320, -28, -177, 83, 63, -160, -1, 152, 24, -52, 11, 30, -151, -187, 170, 235, 34, -93, -124, 67, 46, -171, -63, 187, 233, -9, -358, -171, 280, 160, -136, -66, 137, 128, -158, -195, -20, 51, 213, 167, -177, -210, -28, 53, 175, 187, -201, -480, 92, 614, 234, -281, -469, -114, 174, 13, 170, 202, -146, -386, 18, 505, 316, -219, -569]"
"[-6, -19, -19, 13, 1, 27, 68, 11, -86, -125, -67, 265, 360, -168, -390, -144, 181, 277, -47, -291, -181, -43, -808, 1099, 3224, -421, -4275, -1092, 6257, 1678, -7673, -4865, 4050, 6505, -971, -3457, 775, 1327, -312, -1078, -319, 796, 445, -444, -442, 203, 466, 210, -95, -758, -605, 784, 843, -228, -536, -163, 273, 325, -25, -386, -54, 208, -41, -89, 58, -1, -102, 122, 167, -142, -143, 91, 62, -130, -153, 186, 242, -12, -115, -114, 51, 53, -104, -49, 117, 156, -12, -240, -92, 202, 68, -136, -25, 202, 173, -243, -299, -3, 72, 262, 230, -142, -214, -125, 46, 221, 145, -284, -509, 247, 730, 125, -387, -416, -15, 157, -44, 99, 156, -59, -320, 11, 504, 276, -274, -534]"
"[7, 34, 30, -15, -40, -12, 54, 65, -67, -139, -48, 292, 356, -226, -411, -96, 199, 263, -89, -304, -312, 355, 876, 882, 927, -3090, -5353, 3207, 9740, 271, -9696, -5832, 4584, 7176, -1271, -3537, 1046, 1218, -600, -915, 50, 761, 154, -649, -396, 524, 688, 2, -417, -812, -444, 1065, 966, -417, -648, -290, 135, 507, 219, -383, -230, 23, -26, 131, 105, -103, -71, 147, 52, -206, -54, 246, 113, -289, -292, 211, 337, 92, -96, -267, -92, 155, 78, -9, 33, -4, -60, -116, -46, 159, 46, -79, 37, 131, 63, -213, -209, 53, 107, 200, 135, -208, -207, 29, 137, 100, 12, -243, -388, 311, 714, -9, -466, -330, 69, 140, -125, 72, 189, 32, -254, -43, 427, 218, -268, -419]"
"[-27, 4, 22, 21, -4, -21, 16, 37, -38, -87, -59, 224, 345, -161, -380, -139, 172, 284, -80, -262, 46, 709, 1499, -1391, -3718, -1193, -24, 6335, 9263, -4807, -11858, -3414, 6332, 6351, -2556, -3323, 1553, 1394, -627, -809, 233, 500, -168, -537, -118, 598, 609, -175, -554, -724, -271, 1129, 868, -516, -596, -232, 128, 473, 198, -406, -260, 58, 11, 166, 130, -144, -96, 123, 6, -153, 62, 262, 46, -402, -326, 296, 344, 91, -24, -246, -149, 83, 95, 50, 34, -58, -109, -64, 18, 155, 39, -88, 29, 102, 61, -207, -269, 66, 190, 251, 100, -288, -210, 112, 205, 37, -104, -268, -313, 442, 743, -170, -576, -217, 198, 85, -231, 78, 238, 35, -271, -33, 432, 214, -251, -427]"
"[-28, 45, 56, 2, -40, -30, 40, 61, -54, -118, -63, 256, 359, -176, -401, -131, 208, 282, -104, -240, 645, 590, -486, -3135, -3832, 4088, 4726, 2907, 5505, -6758, -11994, -382, 7867, 4488, -4255, -2634, 2341, 1739, -464, -943, 93, 238, -195, -303, -24, 462, 492, -209, -594, -564, -77, 1068, 706, -585, -520, -134, 143, 381, 89, -407, -220, 187, 117, 82, 34, -179, -96, 134, -9, -48, 192, 154, -100, -414, -294, 358, 361, 105, 17, -284, -210, 77, 102, 57, 43, 8, -55, -146, -48, 174, 93, -79, -35, 32, 30, -78, -115, 22, 62, 143, 113, -140, -143, 19, 99, 40, -54, -170, -223, 379, 664, -270, -641, -96, 293, 62, -261, 90, 270, -4, -322, -55, 426, 293, -195, -458]"
"[-1, 1, -3, 6, 0, -4, 22, 24, -64, -73, -1, 227, 285, -208, -376, -77, 211, 247, -72, -206, 860, 59, -2731, -2475, 52, 6304, 3666, -1569, 3487, -4856, -10378, 928, 7791, 2198, -5294, -1151, 3152, 1605, -490, -1071, 9, 103, -244, -193, 21, 415, 387, -177, -479, -429, 13, 883, 542, -539, -416, -108, 100, 302, 30, -301, -121, 143, 58, 102, 102, -213, -207, 126, 98, 63, 182, -31, -200, -282, -193, 332, 327, 94, 45, -296, -260, 60, 127, 99, 37, -25, -53, -121, -39, 160, 89, -93, -50, 42, 23, -73, -95, 51, 83, 95, 58, -113, -76, 12, 55, 23, -41, -130, -169, 303, 526, -249, -550, -16, 298, -5, -281, 98, 267, 16, -306, -71, 422, 311, -190, -492]"
"[-5, 50, 45, -30, -45, -1, 49, 43, -59, -107, -39, 235, 325, -182, -388, -124, 173, 278, 29, -180, 639, -566, -3780, -422, 3857, 4932, 242, -3006, 3782, -3551, -9703, 1753, 7667, 774, -5456, -99, 3372, 1097, -526, -894, -13, -81, -331, -60, 112, 384, 295, -169, -395, -313, 153, 685, 259, -572, -343, 113, 246, 174, -123, -310, -49, 186, 35, 75, 108, -193, -220, 118, 156, 69, 77, -102, -156, -121, -110, 226, 263, 81, 24, -303, -258, 134, 194, 28, -75, -34, 10, -8, -2, 68, 40, -97, -51, 89, 41, -102, -67, 60, 15, 48, 97, -33, -89, -62, 15, 89, 27, -94, -122, 181, 349, -221, -433, 89, 281, -76, -255, 100, 253, 30, -314, -128, 429, 384, -196, -569]"
"[-36, -3, 8, 27, 5, 3, 41, -8, -110, -53, 43, 237, 278, -250, -406, -47, 230, 244, 43, -206, 224, -832, -3376, 1218, 5000, 2453, -1414, -1855, 3572, -4320, -8752, 3881, 7582, -1579, -5942, 1335, 3894, 663, -671, -1056, -221, 17, -179, 90, 146, 225, 222, -111, -351, -281, 232, 580, 70, -557, -248, 219, 293, 94, -187, -317, -46, 202, 10, 84, 155, -125, -200, 1, 106, 129, 74, -127, -147, -56, -41, 195, 241, 7, -83, -283, -174, 255, 219, -98, -143, -9, 36, 52, 35, -8, -43, -56, 37, 141, 39, -191, -81, 87, -25, 9, 114, 42, -76, -114, 12, 123, 62, -120, -148, 142, 297, -200, -381, 161, 308, -171, -333, 158, 367, 23, -434, -192, 493, 481, -202, -664]"
"[-14, 9, 9, 14, 0, -7, 12, 12, -71, -23, 78, 182, 191, -281, -387, 24, 235, 226, 103, -247, -312, -854, -2188, 2262, 4343, 212, -1081, 175, 2443, -6647, -8019, 6939, 7596, -3945, -6096, 2887, 4430, -126, -1136, -1224, -336, 447, 193, 18, -49, 45, 246, 5, -384, -288, 314, 562, -14, -548, -180, 237, 284, 24, -273, -288, 23, 291, 60, -41, 27, -93, -106, 101, 125, -21, -26, -31, -76, -49, 16, 180, 172, -94, -133, -192, -135, 263, 243, -49, -72, -128, -115, 54, 74, 77, -3, -38, 97, 40, -101, -159, 32, 117, -108, -39, 162, 120, -74, -170, 15, 138, 62, -156, -193, 177, 321, -221, -394, 254, 407, -269, -429, 148, 374, 30, -440, -129, 531, 424, -219, -624]"
"[-12, -22, -19, 22, 17, 20, 44, -14, -108, -48, 60, 230, 233, -285, -394, 8, 224, 223, 113, -303, -800, -586, -702, 2649, 2993, -1287, 190, 1386, -45, -8424, -6079, 10209, 7071, -6712, -5913, 4646, 4724, -1228, -1725, -1022, 28, 804, 177, -484, -322, 387, 547, -65, -547, -311, 413, 534, -99, -494, -103, 177, 204, 19, -271, -211, 78, 238, -6, -5, 131, -75, -164, -7, 93, 72, 19, -50, -88, -57, 29, 172, 143, -131, -187, -126, -47, 269, 208, -70, -50, -124, -116, 45, 59, 69, 13, 4, 116, -39, -173, -108, 68, 101, -138, 14, 235, 81, -136, -181, 38, 163, 54, -173, -186, 182, 254, -217, -262, 322, 318, -415, -426, 278, 394, -41, -439, -77, 530, 350, -274, -571]"
"[15, 9, -6, -22, -28, 29, 65, 11, -106, -55, 78, 221, 190, -293, -371, 45, 244, 202, 77, -380, -1066, -210, 377, 2557, 2055, -1935, 1154, 1361, -2893, -8699, -3005, 12493, 5341, -9199, -4785, 6547, 4502, -2752, -2243, -396, 562, 844, -196, -801, -194, 819, 645, -395, -668, -122, 534, 341, -286, -363, 37, 169, 149, -32, -290, -160, 116, 242, -9, -7, 157, -90, -205, -44, 90, 162, 75, -135, -130, -7, 57, 110, 88, -119, -221, -55, 77, 274, 165, -150, -98, -84, -54, 49, -3, 62, 102, 18, 27, -151, -189, 64, 124, 0, -133, 113, 255, -58, -199, -73, 115, 77, -70, -133, -60, 226, 154, -282, -135, 409, 240, -585, -486, 409, 427, -41, -363, -51, 494, 225, -367, -482]"
"[-5, 3, -5, 9, -8, 15, 53, 14, -101, -60, 77, 228, 189, -297, -371, 60, 251, 182, 10, -404, -1151, 255, 1471, 2151, 966, -2610, 1828, 1092, -6198, -7802, 1523, 14130, 2682, -11484, -2905, 7867, 3338, -4066, -2210, 531, 903, 471, -605, -658, 204, 917, 456, -635, -626, 51, 518, 189, -370, -247, 137, 183, 120, -93, -313, -101, 173, 238, 2, -64, 88, -117, -245, 39, 214, 185, 22, -260, -151, 97, 91, 35, 23, -100, -221, 42, 224, 221, 81, -255, -190, -19, 30, 113, 6, 32, 142, -50, -139, -132, -31, 186, 65, -131, -78, 184, 211, -141, -212, -28, 120, 62, -107, -74, 72, 182, -13, -299, 21, 468, 135, -676, -457, 488, 434, -76, -374, -46, 496, 239, -366, -492]"
"[33, 34, -4, -43, -38, 34, 60, 15, -99, -36, 109, 208, 159, -311, -366, 80, 253, 176, -64, -422, -1047, 746, 2472, 1308, -703, -3047, 2648, 1222, -8982, -6343, 6372, 14444, -506, -13061, -987, 8512, 1925, -4659, -1774, 1183, 936, 133, -687, -427, 381, 720, 224, -581, -424, 75, 326, 97, -311, -93, 196, 139, 109, -141, -361, -88, 205, 275, 10, -104, 42, -92, -188, 61, 190, 139, 23, -227, -150, 63, 68, 37, -25, -74, -136, 134, 266, 93, 7, -257, -199, 22, 50, 108, 23, 26, 113, -92, -203, -34, 137, 171, -46, -225, -65, 252, 205, -159, -188, -25, 52, 58, -11, 16, 51, 21, -65, -148, 120, 354, 6, -642, -359, 552, 419, -166, -393, 15, 515, 177, -423, -426]"
"[-15, -19, -25, 27, 23, 26, 47, -19, -103, -33, 90, 206, 186, -284, -379, 46, 260, 207, -122, -429, -766, 1136, 3075, 51, -2793, -2649, 4007, 1545, -10594, -4905, 9906, 13075, -3514, -12984, 794, 8314, 653, -4577, -1225, 1467, 931, -70, -751, -425, 362, 692, 172, -482, -295, -30, 111, 152, -132, 6, 201, 35, 68, -174, -409, -24, 289, 277, -31, -170, 6, -24, -106, 70, 169, 45, -37, -153, -85, 46, 17, 18, -45, -8, -6, 147, 195, -46, -33, -163, -152, 16, 0, 87, 69, 94, 113, -181, -238, 30, 183, 102, -150, -155, 62, 265, 155, -227, -202, 10, 43, 67, 47, 34, -3, -54, -49, -46, 162, 241, -113, -597, -268, 622, 416, -270, -442, 111, 615, 88, -535, -372]"
"[-13, 22, 5, -9, -17, 20, 43, 10, -75, -19, 116, 162, 112, -303, -353, 129, 303, 150, -210, -386, -372, 1368, 3114, -1301, -4533, -1333, 5629, 1190, -11632, -3162, 12397, 10468, -6254, -11539, 2524, 7466, -480, -4111, -655, 1483, 837, -224, -840, -376, 424, 705, 127, -444, -227, -124, -31, 254, 26, 10, 160, -36, 16, -174, -387, 64, 362, 228, -78, -231, -39, 55, 6, 29, 21, -8, 18, -21, -60, -35, -4, 41, -63, 20, 118, 133, 60, -162, -45, -15, -54, -13, -60, 36, 110, 124, 30, -227, -186, 162, 245, -36, -246, -86, 140, 220, 77, -204, -152, 31, 43, 47, 61, 9, -90, -53, 67, 65, 139, 21, -252, -419, -90, 621, 348, -371, -448, 195, 640, 14, -601, -328]"
"[-26, 2, 20, 24, -5, -10, 27, 6, -93, -15, 122, 189, 155, -307, -371, 83, 265, 173, -203, -295, 189, 1354, 2224, -2827, -5538, 1592, 8244, -918, -14305, -1481, 15355, 9206, -8245, -11226, 3270, 6932, -1017, -3514, -326, 1311, 800, -281, -982, -353, 510, 789, 163, -481, -288, -193, -41, 398, 132, -75, 87, -51, 15, -164, -399, 83, 397, 222, -128, -251, 4, 127, 41, -74, -75, 9, 42, 57, 6, -68, -40, 12, -74, 62, 203, 90, -62, -211, -21, 95, 6, -86, -141, 73, 203, 124, -38, -272, -156, 238, 249, -126, -260, 12, 173, 113, 24, -129, -106, -19, -13, 80, 100, 4, -117, -33, 137, 75, 82, -100, -291, -248, 4, 508, 267, -327, -396, 217, 638, -36, -623, -303]"
"[16, -19, -37, 1, 10, 36, 51, -12, -98, -23, 126, 175, 113, -305, -339, 129, 290, 126, -230, -230, 667, 1149, 768, -3747, -5143, 4606, 10229, -3318, -16060, -1285, 15466, 9306, -7910, -10449, 3453, 5874, -1493, -2946, -39, 1190, 695, -342, -1014, -219, 635, 733, 64, -551, -307, -86, 50, 382, 103, -138, 41, -35, 32, -112, -363, 51, 376, 219, -109, -261, -32, 95, 13, -16, -7, 6, 6, 24, 24, -42, -49, -25, -97, 108, 270, 47, -159, -223, 19, 176, 28, -146, -168, 116, 253, 94, -88, -280, -100, 274, 199, -214, -254, 111, 185, 30, -25, -59, -33, -24, -39, 53, 127, -10, -188, -26, 217, 130, 39, -214, -314, -123, 53, 437, 228, -301, -342, 228, 589, -125, -639, -196]"
"[-8, 0, 4, 11, -4, 4, 34, 2, -89, -24, 102, 191, 179, -285, -360, 44, 243, 184, -150, -176, 989, 705, -1090, -3845, -3049, 7257, 10661, -7002, -17973, 335, 16308, 9395, -7607, -10389, 3210, 5336, -1588, -2606, 33, 1143, 691, -396, -1065, -150, 712, 719, 17, -602, -320, -13, 106, 331, 32, -144, 53, 0, 44, -82, -297, 5, 290, 184, -93, -186, -5, 48, -13, 18, 4, -47, -41, 111, 123, -74, -100, -72, -102, 159, 296, -9, -236, -197, 80, 214, -18, -189, -110, 188, 238, -18, -143, -185, 1, 223, 90, -245, -218, 172, 160, 17, 37, -20, -46, -108, -89, 80, 121, 36, -118, -32, 193, 94, 40, -240, -369, -90, 96, 464, 233, -319, -304, 250, 547, -223, -673, -96]"
"[13, 12, 0, -21, -26, 28, 63, 2, -109, -37, 123, 208, 167, -324, -380, 80, 270, 177, -155, -168, 1085, 551, -1727, -3716, -2045, 7966, 10487, -8413, -18741, 1035, 16716, 9663, -7407, -10532, 3166, 5201, -1651, -2614, 14, 1164, 669, -398, -1044, -95, 747, 671, -36, -606, -272, 21, 80, 272, 19, -99, 68, -16, 41, -52, -278, -31, 278, 198, -98, -193, -12, 53, -9, 42, 21, -67, -50, 115, 129, -93, -128, -48, -59, 170, 274, -52, -227, -154, 65, 169, -5, -104, -51, 82, 114, 21, -42, -138, -37, 138, 70, -169, -198, 142, 173, 59, 54, -74, -69, -104, -104, 90, 143, 40, -132, -58, 167, 126, 81, -239, -373, -92, 79, 427, 225, -259, -256, 212, 496, -251, -676, -48]"
"[-3, -15, -1, 14, -14, 8, 53, 13, -92, -44, 113, 203, 155, -331, -378, 108, 286, 155, -154, -159, 1084, 457, -1910, -3499, -1457, 7845, 9611, -8921, -18357, 2267, 17173, 8556, -8198, -10082, 3802, 5363, -1800, -2984, -125, 1246, 714, -247, -957, -238, 637, 729, 17, -605, -230, -29, -83, 265, 118, 26, 97, -71, 60, -75, -328, -91, 234, 288, -7, -195, -52, -24, -18, 122, 46, -149, -110, 174, 187, -92, -143, -65, -42, 161, 241, -51, -200, -162, 16, 184, 55, -99, -94, 38, 110, 91, 8, -192, -112, 147, 123, -132, -203, 134, 217, 17, -5, -72, -71, -94, -76, 124, 136, -19, -163, 3, 237, 94, 11, -246, -320, -67, 36, 382, 229, -200, -238, 186, 506, -236, -679, -91]"
"[-12, -7, 1, 11, -11, 10, 56, 14, -95, -56, 90, 216, 196, -308, -388, 54, 258, 196, -111, -154, 1041, 430, -1793, -3422, -1601, 7621, 9798, -8681, -18851, 1781, 17557, 9561, -8260, -11054, 3859, 6127, -1720, -3533, -282, 1355, 743, -85, -872, -405, 564, 786, -1, -602, -105, -35, -270, 193, 213, 163, 88, -150, 76, -17, -327, -199, 157, 412, 110, -224, -83, -84, -66, 165, 111, -166, -165, 174, 203, -102, -171, -15, 14, 128, 190, -31, -127, -168, -50, 148, 85, -61, -118, 12, 114, 130, 31, -205, -140, 164, 195, -136, -238, 78, 182, 2, -66, -20, 20, -34, -76, 27, 99, 50, -101, -49, 140, 112, 99, -224, -364, -94, 47, 372, 233, -168, -280, 146, 589, -126, -685, -285]"
"[-9, 33, 40, -16, -49, 0, 67, 34, -93, -71, 81, 237, 231, -307, -399, 27, 252, 196, -161, -173, 931, 752, -630, -3656, -3371, 6302, 10528, -6201, -18630, -560, 16921, 11459, -7705, -12352, 3582, 7195, -1336, -4186, -488, 1353, 638, 142, -654, -572, 401, 827, 47, -627, -90, 3, -342, 136, 277, 244, 66, -204, 99, 43, -309, -324, 31, 513, 229, -194, -64, -165, -167, 172, 206, -112, -221, 76, 178, -23, -133, -30, -5, 127, 212, -13, -124, -197, -67, 155, 119, -52, -161, -53, 89, 220, 89, -220, -107, 137, 142, -192, -272, 90, 161, 107, 25, -69, -15, -31, -67, 5, 78, 62, -83, -52, 101, 128, 187, -192, -404, -200, 2, 422, 245, -122, -244, 100, 557, -97, -641, -305]"
"[-7, 38, 42, -12, -33, -13, 40, 20, -92, -42, 85, 218, 212, -278, -360, 18, 223, 182, -170, -174, 782, 919, 209, -3475, -4230, 4824, 10390, -4026, -17749, -2714, 15503, 13267, -6448, -13446, 2839, 8047, -749, -4688, -707, 1336, 505, 290, -422, -671, 211, 872, 165, -651, -106, 30, -379, 36, 242, 345, 112, -208, 98, 47, -259, -373, -76, 505, 253, -110, 12, -175, -202, 111, 209, -62, -210, 10, 130, 23, -108, -38, -9, 137, 195, -15, -90, -178, -75, 120, 83, -22, -84, -58, 4, 172, 121, -130, -75, 41, 60, -112, -218, 53, 160, 189, 89, -174, -126, -4, 29, 60, 54, -37, -124, -10, 96, 130, 232, -138, -405, -282, -7, 443, 205, -115, -214, 108, 553, -67, -604, -330]"
"[-16, 27, 26, -10, -29, 11, 54, 10, -99, -33, 108, 200, 182, -290, -382, 41, 268, 220, -167, -261, 580, 1041, 802, -3139, -4404, 3502, 9230, -2605, -15861, -2938, 14516, 12341, -6872, -13063, 3192, 8796, -527, -5337, -829, 1538, 434, 217, -311, -600, 159, 812, 195, -663, -178, 72, -266, 52, 174, 238, 85, -126, 109, 74, -174, -420, -172, 470, 268, -52, 30, -192, -219, 108, 226, -37, -195, -15, 124, 13, -127, -34, 0, 137, 179, 6, -45, -179, -101, 80, 76, 28, -51, -118, -58, 208, 161, -126, -74, 38, 57, -130, -246, 61, 195, 210, 80, -205, -135, 9, 38, 58, 63, -37, -148, -39, 74, 182, 296, -136, -429, -336, -26, 449, 171, -67, -131, 89, 486, -83, -567, -306]"
"[-25, -14, -1, 29, 1, 4, 49, 8, -97, -44, 88, 213, 204, -280, -376, 31, 258, 199, -200, -274, 359, 1168, 1517, -2604, -4325, 1769, 7494, -1346, -14018, -2500, 13883, 11072, -7358, -12115, 3948, 8688, -848, -5664, -851, 1776, 511, 135, -351, -586, 152, 843, 276, -700, -324, 54, -119, 169, 142, 57, 6, -31, 169, 82, -179, -449, -183, 488, 261, -69, 29, -122, -143, 32, 126, -22, -133, 9, 95, -14, -119, -12, 9, 124, 157, 0, -36, -146, -65, 52, 17, 28, 17, -94, -110, 154, 157, -91, -75, 77, 111, -151, -263, 41, 185, 201, 83, -210, -193, 1, 69, 150, 133, -113, -233, -59, 91, 236, 330, -143, -449, -389, -47, 522, 233, -118, -186, 95, 500, -86, -598, -282]"
"[30, 19, -18, -30, -3, 43, 46, -17, -100, -26, 98, 202, 188, -286, -381, 52, 273, 210, -179, -344, 71, 1238, 2033, -1970, -3706, 388, 5424, -1197, -12549, -632, 14096, 8707, -8611, -10461, 5343, 8122, -1595, -5893, -777, 2032, 583, 81, -367, -596, 87, 870, 408, -680, -451, -16, -16, 299, 149, -109, -90, 46, 256, 78, -255, -468, -137, 526, 248, -120, -11, -57, -54, -6, 35, -29, -62, 41, 74, -59, -141, -11, 4, 166, 200, -30, -93, -150, -25, 79, -11, -7, 36, -32, -80, 90, 109, -79, -77, 98, 145, -131, -263, 6, 221, 211, 7, -276, -161, 77, 35, 114, 156, -69, -199, -64, 58, 176, 333, -61, -445, -473, -61, 633, 302, -220, -272, 90, 505, -14, -519, -310]"
"[-59, -8, 25, 53, 9, -24, 24, 18, -80, -45, 68, 214, 235, -270, -396, -6, 243, 218, -170, -328, -124, 1193, 2279, -1279, -2787, -719, 3386, -1386, -11057, 1180, 13759, 6384, -9202, -8385, 6442, 6959, -2323, -5737, -681, 2135, 651, 60, -434, -544, 180, 839, 388, -709, -550, -18, 104, 420, 152, -260, -140, 94, 238, 39, -260, -356, -59, 442, 196, -124, -40, -33, -14, 25, 49, -58, -105, 19, 88, 5, -119, -51, 19, 179, 159, -89, -90, -55, 33, 1, -110, -1, 103, 44, -64, 3, 45, -68, -57, 156, 167, -178, -264, 46, 197, 143, 40, -177, -162, -40, -4, 192, 190, -97, -211, -49, 60, 142, 294, 5, -352, -513, -149, 613, 340, -185, -303, 70, 527, 33, -518, -360]"
"[3, -3, -14, -2, -2, 28, 54, -3, -110, -49, 99, 223, 176, -301, -371, 77, 288, 179, -169, -405, -420, 1179, 2447, -602, -1735, -1379, 1778, -2241, -10331, 3069, 13692, 4562, -9414, -6709, 7055, 5784, -2835, -5411, -630, 2180, 792, 30, -585, -579, 219, 941, 475, -756, -671, -57, 186, 533, 201, -384, -268, 105, 307, 85, -289, -340, 3, 393, 124, -119, -10, -3, -16, -19, 32, -3, -57, -18, 29, 19, -63, -28, 14, 140, 132, -105, -113, -19, 73, 12, -122, -43, 94, 102, -28, -61, -10, -34, -11, 166, 164, -227, -319, 70, 226, 202, 92, -225, -203, -46, -4, 190, 173, -76, -172, -45, 48, 110, 274, 13, -355, -503, -137, 644, 374, -239, -353, 108, 596, 11, -593, -397]"
"[-24, 23, 38, 18, -12, -38, 9, 35, -59, -34, 63, 177, 188, -234, -337, 6, 222, 199, -95, -413, -686, 1028, 2455, 95, -798, -1733, 891, -3037, -9991, 3990, 13072, 3714, -8891, -5420, 7204, 4751, -3070, -5146, -690, 2181, 892, 39, -671, -560, 276, 956, 494, -767, -726, -65, 257, 576, 225, -460, -378, 108, 379, 116, -338, -309, 75, 342, 51, -110, 23, 35, -10, -85, -16, 71, 24, -47, -23, -23, -75, 37, 82, 82, 26, -103, -61, 51, 111, -27, -167, -95, 85, 198, 30, -135, -60, -13, 1, 139, 107, -189, -237, 135, 285, 86, -43, -261, -182, 85, 83, 117, 79, -109, -147, 37, 83, 53, 225, 7, -348, -458, -102, 641, 357, -272, -340, 136, 573, -52, -632, -326]"
"[13, 3, -19, -21, -17, 34, 53, 15, -77, -49, 66, 192, 190, -267, -370, 44, 275, 189, -88, -442, -883, 886, 2433, 603, -409, -1912, 875, -2987, -9423, 3287, 11269, 3679, -7584, -4181, 6905, 3782, -2953, -4775, -815, 2018, 994, 117, -748, -651, 260, 1054, 566, -794, -791, -63, 345, 592, 192, -529, -445, 116, 406, 163, -336, -287, 121, 299, 27, -119, -26, 38, 40, -51, -39, 55, 54, -55, -60, -31, -55, 68, 96, 55, 18, -101, -86, 31, 103, 38, -98, -127, 17, 171, 48, -100, -50, -3, 1, 88, 69, -112, -155, 90, 221, 59, -46, -219, -167, 71, 85, 145, 96, -151, -162, 62, 80, 34, 229, 41, -323, -481, -128, 623, 360, -245, -328, 114, 545, -41, -607, -307]"
"[-32, 17, 29, 5, -29, -6, 40, 28, -76, -36, 87, 181, 170, -273, -352, 40, 233, 191, -5, -406, -1091, 610, 2445, 1357, -144, -2602, 1088, -2092, -9171, 1351, 9532, 5166, -5795, -4201, 5889, 3271, -2460, -4230, -890, 1648, 959, 199, -778, -659, 248, 1095, 644, -782, -853, -127, 383, 646, 178, -561, -443, 113, 376, 155, -323, -212, 188, 219, -64, -122, -5, 101, 101, -93, -129, 48, 123, -7, -70, -53, -44, 11, 24, 122, 100, -124, -134, 25, 123, 59, -73, -162, -45, 186, 118, -86, -92, -43, 8, 124, 93, -154, -230, 92, 264, 138, -18, -297, -212, 115, 134, 122, 48, -157, -136, 88, 49, 12, 280, 84, -338, -552, -159, 652, 352, -225, -273, 135, 529, -112, -639, -264]"
"[3, 2, -10, -2, -1, 18, 36, -10, -100, -10, 108, 178, 148, -270, -329, 54, 241, 171, 5, -405, -1206, 333, 2175, 2162, 490, -3369, 766, -616, -7359, -1382, 5781, 6224, -3360, -2981, 5331, 2315, -2249, -3911, -964, 1392, 857, 349, -640, -698, 112, 1067, 711, -705, -846, -122, 450, 556, 64, -501, -342, 79, 300, 131, -340, -149, 268, 205, -121, -152, 16, 131, 107, -98, -137, 28, 119, 14, -56, -38, 3, -48, -105, 114, 164, -13, -115, -52, 118, 103, -55, -210, -89, 203, 153, -67, -89, -60, -18, 96, 99, -84, -197, 1, 177, 199, 57, -283, -223, 104, 132, 77, 20, -88, -68, 48, -6, -27, 255, 154, -273, -574, -189, 632, 344, -230, -300, 192, 628, -136, -705, -328]"
"[-21, 25, 22, 1, -21, 4, 48, 20, -84, -45, 80, 197, 187, -281, -368, 39, 245, 206, 52, -393, -1268, 91, 1905, 2763, 1114, -4036, -91, 641, -4962, -3029, 2438, 6200, -1351, -1899, 4218, 1694, -1473, -3310, -1127, 860, 730, 573, -453, -743, -36, 980, 739, -590, -823, -117, 517, 472, -64, -470, -248, 80, 215, 150, -237, -174, 154, 219, -19, -140, -56, 86, 122, -23, -103, -35, 77, 63, -1, -67, -17, -82, -163, 136, 209, 26, -104, -94, 79, 122, -9, -215, -126, 194, 165, -57, -76, -54, -29, 68, 109, -35, -157, -73, 61, 222, 162, -207, -247, 10, 131, 107, -23, -91, -24, 60, -40, -34, 276, 174, -270, -588, -169, 634, 322, -291, -350, 271, 701, -166, -750, -318]"
"[-14, 5, 6, 15, -5, -8, 19, 27, -60, -36, 55, 184, 217, -260, -392, 4, 251, 249, 100, -385, -1126, -426, 378, 3711, 3977, -3844, -2355, -378, -2883, -2710, -53, 5600, 318, -851, 3241, 976, -908, -2637, -1079, 359, 434, 651, -274, -576, -55, 801, 675, -491, -757, -108, 514, 394, -127, -385, -137, 55, 144, 81, -249, -99, 174, 194, -15, -112, -25, 39, 50, -11, -43, -15, 29, 45, 19, -15, 59, -108, -247, 54, 201, 136, -40, -136, 31, 98, 3, -175, -128, 174, 175, -55, -100, -37, 4, 57, 103, -9, -143, -147, -5, 276, 232, -192, -263, -49, 96, 143, 30, -78, -48, 12, -47, -4, 273, 166, -284, -556, -103, 648, 308, -382, -434, 318, 762, -109, -716, -365]"
"[-25, 56, 44, -11, -23, -2, 29, 12, -76, -29, 69, 175, 183, -262, -360, 48, 253, 188, 76, -280, -602, -817, -1750, 3450, 6374, -1197, -2703, -3409, -2855, -1674, -1037, 5147, 1204, -339, 2558, 553, -648, -2044, -804, 20, 120, 581, -176, -349, 11, 625, 578, -412, -702, -130, 527, 407, -177, -446, -122, 152, 175, 14, -278, -86, 176, 198, -1, -108, -40, 10, 37, 57, 52, -81, -108, 11, 46, 79, 128, -102, -257, -59, 106, 217, 63, -111, -2, 54, 29, -186, -194, 169, 218, -4, -107, -86, -1, 78, 94, -3, -104, -141, -27, 233, 194, -153, -215, -51, 41, 149, 111, -24, -43, -121, -159, 63, 349, 213, -277, -611, -130, 671, 340, -397, -494, 311, 815, -60, -719, -418]"
"[18, -4, -31, -30, -14, 61, 78, -23, -125, -48, 65, 220, 232, -249, -376, -20, 234, 237, 83, -264, -161, -856, -2968, 2266, 6307, 1760, -645, -4898, -3401, -2705, -2482, 5669, 2264, -70, 1999, 391, -487, -1748, -521, -98, -79, 403, -185, -182, 82, 537, 510, -400, -707, -112, 567, 444, -206, -484, -58, 205, 142, -82, -281, -6, 179, 99, -56, 10, 59, -55, -66, 56, 134, -9, -107, -118, -66, 147, 222, -35, -240, -149, 75, 243, 55, -155, -31, 137, 128, -216, -284, 116, 252, 70, -123, -138, 7, 115, 80, -28, -99, -101, -7, 229, 247, -169, -265, -103, 33, 153, 47, 24, 82, -74, -210, -89, 286, 357, -157, -670, -231, 642, 412, -323, -540, 193, 802, 72, -667, -491]"
"[-30, 24, 41, 7, -44, -7, 73, 47, -72, -107, -6, 216, 260, -199, -351, -61, 194, 239, 78, -212, 250, -649, -3291, 487, 4193, 4342, 2670, -4584, -3670, -4907, -4058, 6193, 2931, 67, 1614, 714, -244, -1831, -364, 3, -116, 164, -296, -113, 124, 563, 514, -377, -690, -198, 490, 558, -82, -563, -201, 231, 300, -24, -386, -131, 228, 200, -97, -36, 120, -41, -161, 16, 200, 108, -59, -259, -203, 182, 297, 89, -148, -299, -102, 263, 144, -51, -5, 52, 93, -215, -308, 130, 299, 92, -133, -181, -16, 110, 59, 23, -40, -137, -83, 230, 278, -98, -192, -159, -33, 116, -1, 61, 155, 27, -156, -258, 129, 446, -16, -665, -329, 588, 474, -226, -550, 37, 702, 242, -495, -545]"
"[9, 17, 6, -4, -9, -4, 33, 21, -81, -61, 44, 225, 249, -249, -374, -24, 231, 229, 18, -220, 440, -268, -2516, -917, 1245, 4823, 4733, -2352, -2658, -6543, -5121, 5583, 2854, 552, 1609, 814, -227, -1886, -285, 160, -58, 34, -332, -128, 87, 528, 476, -291, -613, -246, 414, 604, 7, -600, -294, 243, 430, -12, -539, -224, 317, 343, -115, -151, 109, 24, -125, -34, 110, 164, 106, -274, -351, 85, 315, 219, -78, -355, -164, 239, 160, 20, 43, -31, 7, -174, -259, 128, 297, 121, -106, -237, -60, 93, 9, 78, 51, -89, -66, 119, 177, -53, -118, -109, -21, 36, -71, 87, 218, 81, -109, -375, -42, 470, 83, -544, -302, 510, 478, -222, -593, -19, 702, 334, -471, -613]"
"[-30, 6, 12, 32, 14, -8, 18, 3, -70, -25, 63, 173, 197, -235, -342, -2, 231, 200, -38, -215, 425, 83, -1353, -1542, -964, 3840, 5137, -51, -1525, -6995, -5104, 4801, 2353, 563, 1686, 1032, -316, -2065, -307, 444, 141, -57, -396, -244, -4, 579, 553, -253, -633, -306, 369, 634, 37, -546, -243, 187, 374, 13, -499, -264, 272, 390, -75, -178, 92, 39, -137, -59, 110, 212, 136, -295, -358, 69, 298, 208, -83, -330, -170, 241, 212, 39, 20, -106, -56, -118, -168, 151, 238, 52, -99, -153, 3, 54, -35, 40, 45, -92, -118, 159, 227, -24, -92, -154, -75, 57, -17, 88, 186, 58, -108, -366, -58, 495, 155, -559, -361, 476, 479, -202, -595, 11, 717, 310, -452, -584]"
"[2, 11, -10, -13, -6, 27, 47, 3, -81, -51, 42, 205, 230, -234, -350, -18, 208, 222, -12, -218, 217, 290, -92, -1369, -2187, 1648, 3938, 2434, 279, -7075, -5361, 4099, 2238, 677, 1673, 942, -399, -2075, -384, 569, 310, -16, -450, -368, -17, 650, 585, -298, -687, -301, 379, 662, 59, -531, -228, 156, 360, -4, -550, -258, 294, 452, -19, -199, 65, -13, -158, -43, 85, 238, 205, -266, -359, -4, 239, 219, -61, -268, -146, 182, 180, 86, 62, -137, -102, -104, -118, 157, 190, 35, -58, -125, -11, 27, -54, 50, 87, -52, -103, 75, 167, -11, -81, -115, -59, 25, -34, 115, 208, 34, -127, -345, -52, 476, 176, -542, -411, 427, 494, -117, -547, -42, 683, 294, -473, -573]"
"[-21, -4, 8, 34, 12, -13, 22, 4, -90, -27, 82, 207, 205, -278, -371, 23, 238, 229, -20, -274, -111, 427, 930, -575, -2095, -768, 1910, 3776, 1307, -6501, -5115, 4069, 2531, 435, 1415, 541, -556, -1788, -322, 554, 357, -24, -507, -383, 6, 711, 646, -347, -745, -327, 380, 660, 17, -476, -142, 138, 299, -27, -502, -241, 239, 410, -16, -139, 102, -4, -137, -81, 52, 214, 168, -223, -291, 8, 214, 165, -95, -229, -93, 175, 138, 67, 75, -121, -112, -116, -98, 189, 182, -13, -56, -95, -35, 9, -34, 66, 61, -54, -62, 111, 159, -89, -107, -46, -31, -32, -96, 172, 295, 36, -162, -384, -46, 476, 129, -524, -346, 452, 457, -172, -540, 12, 679, 258, -472, -535]"
"[8, 42, 13, -37, -31, 25, 54, 18, -73, -60, 24, 201, 256, -218, -379, -50, 216, 265, -10, -293, -338, 365, 1192, 371, -933, -2188, 140, 3537, 1295, -5572, -4500, 4420, 2800, -48, 1078, 374, -490, -1555, -335, 423, 331, 20, -529, -364, 46, 752, 669, -394, -768, -324, 387, 635, -20, -439, -93, 118, 252, -13, -445, -240, 198, 373, -25, -105, 114, -1, -124, -67, 63, 138, 79, -148, -184, 25, 192, 76, -149, -151, -6, 144, 68, 35, 86, -78, -112, -108, -63, 147, 117, 17, 1, -89, -27, 3, -50, 2, -8, 13, 1, 157, 225, -156, -235, -71, 45, 66, -76, 91, 250, 18, -200, -318, 46, 474, 96, -577, -351, 471, 446, -183, -534, 46, 686, 221, -477, -517]"
"[-26, -14, -7, 27, 16, 15, 46, -11, -105, -55, 40, 225, 245, -239, -377, -17, 232, 236, -4, -303, -519, 180, 968, 1279, 614, -2793, -1149, 2508, 796, -4621, -3848, 4814, 3011, -459, 817, 228, -436, -1379, -394, 336, 370, 65, -570, -321, 143, 696, 586, -376, -707, -348, 310, 652, 43, -422, -122, 94, 240, 10, -393, -240, 120, 343, 42, -24, 119, -101, -174, -26, 82, 146, 89, -135, -169, -2, 171, 62, -189, -113, 100, 144, -46, -54, 101, 66, -29, -175, -106, 108, 70, 43, 65, -49, -61, -65, -42, 67, 13, -27, -12, 128, 176, -98, -133, -89, -46, 8, -62, 182, 277, -34, -234, -276, 112, 440, 9, -570, -269, 480, 365, -211, -474, 111, 676, 150, -517, -473]"
"[2, 22, 5, -13, -13, 12, 36, 14, -64, -50, 19, 180, 231, -196, -344, -44, 199, 239, 34, -297, -601, -52, 482, 1929, 1969, -2790, -1874, 1303, 72, -3676, -2923, 4954, 2714, -811, 929, 282, -547, -1451, -452, 414, 482, 94, -663, -420, 157, 838, 655, -443, -752, -389, 286, 703, 85, -399, -57, 8, 68, -7, -288, -109, 121, 240, 22, -6, 103, -89, -146, -13, 90, 98, 23, -89, -82, 7, 116, -2, -203, -33, 181, 129, -86, -147, 42, 160, 52, -191, -152, 93, 112, 74, 51, -129, -108, 6, 2, 40, -6, -10, -3, 119, 175, -108, -163, -91, -26, 69, -15, 88, 169, 25, -141, -248, 127, 384, -60, -573, -219, 525, 336, -264, -459, 164, 679, 83, -536, -426]"
"[-15, -14, -4, 18, 0, 3, 31, 22, -58, -60, 6, 178, 231, -176, -320, -55, 172, 229, 75, -251, -515, -381, -378, 2324, 3365, -2277, -2738, 22, 343, -2222, -2508, 3492, 1760, -40, 1610, 283, -726, -1689, -586, 547, 626, 165, -670, -511, 143, 856, 634, -450, -710, -351, 221, 642, 153, -285, -40, -116, -16, 13, -254, -29, 170, 185, -17, -34, 68, -14, -46, -66, -18, 83, 66, -37, -65, -4, 116, -53, -269, 9, 248, 170, -82, -217, 3, 205, 82, -222, -175, 132, 132, 24, 19, -67, -53, -30, -27, 25, -38, 3, 31, 157, 202, -149, -203, -106, -21, 111, 26, 49, 110, 2, -149, -186, 183, 371, -85, -600, -218, 530, 303, -254, -402, 202, 660, -6, -574, -344]"
"[-19, 44, 33, -12, -26, 1, 46, 15, -93, -59, 45, 218, 238, -248, -371, -18, 218, 231, 42, -228, -285, -504, -1125, 2206, 4076, -1415, -2669, -863, 146, -2082, -2804, 3453, 2037, 407, 1703, -156, -884, -1559, -604, 540, 681, 249, -633, -571, 125, 808, 563, -401, -658, -344, 227, 670, 162, -353, -61, -83, -51, 8, -204, 17, 182, 149, -19, -80, -5, 18, 21, -32, -41, 43, 67, -11, -51, -19, 87, -42, -234, -15, 180, 213, 29, -228, -85, 142, 93, -149, -153, 107, 117, 23, 14, -48, -26, -39, -44, 23, -23, -12, 5, 153, 188, -116, -163, -110, -34, 101, 20, 35, 92, 49, -85, -227, 101, 378, -34, -573, -214, 506, 279, -275, -391, 256, 680, -80, -646, -300]"
"[3, -39, -39, 15, 14, 35, 58, -10, -104, -66, 37, 235, 262, -249, -392, -33, 221, 246, 27, -195, 19, -593, -1926, 1779, 4580, -235, -2749, -1708, 871, -1379, -3295, 1953, 1373, 1464, 2315, -75, -906, -1804, -691, 520, 672, 409, -518, -750, -17, 912, 666, -470, -770, -304, 350, 739, 131, -512, -110, 8, -47, -9, -184, 33, 178, 159, 3, -112, -49, 31, 79, -24, -103, 18, 127, 13, -117, -40, 171, 5, -264, -119, 94, 287, 142, -178, -125, 26, 80, -56, -133, 54, 119, 27, -47, -41, 50, 14, -51, -56, -51, 13, -15, 142, 204, -41, -117, -171, -49, 111, 19, -3, 44, 65, -43, -185, 97, 333, -15, -564, -294, 483, 354, -191, -414, 170, 690, -14, -619, -362]"
"[13, 7, -4, -10, -14, 20, 57, 18, -70, -91, -24, 218, 277, -182, -342, -67, 188, 225, -2, -171, 286, -520, -2461, 1108, 4612, 979, -2550, -2170, 1880, -1287, -4670, 795, 1585, 2812, 2628, -488, -920, -1846, -831, 426, 646, 632, -322, -860, -153, 846, 625, -393, -691, -255, 378, 683, 105, -562, -175, 57, 26, 47, -171, -44, 141, 168, 6, -91, -40, 30, 88, -39, -138, 31, 183, 11, -193, -74, 213, 115, -197, -240, -41, 296, 211, -77, -95, -66, 37, -22, -111, 41, 98, 20, -80, -17, 101, 51, -24, -95, -92, -31, -11, 198, 184, -96, -102, -70, -4, 4, -60, 51, 112, 61, -86, -207, 90, 355, 18, -518, -251, 400, 283, -184, -419, 190, 715, 20, -610, -385]"
"[19, -4, -32, -22, -8, 58, 75, -12, -98, -70, 14, 211, 261, -195, -357, -64, 207, 237, -54, -190, 533, -294, -2693, 64, 3993, 2547, -1719, -3082, 1954, -193, -4207, -1111, 178, 3707, 3332, -234, -889, -1966, -863, 316, 599, 711, -273, -883, -190, 850, 671, -374, -753, -316, 444, 801, 65, -726, -198, 218, 104, -28, -211, -65, 130, 193, 24, -93, -57, 8, 108, -14, -191, -1, 233, 95, -183, -173, 154, 189, -106, -280, -126, 256, 204, 8, -26, -99, -25, -35, -56, 86, 104, -59, -135, 2, 93, 99, 56, -105, -140, -53, 26, 200, 129, -122, -81, -21, -4, -20, -49, 78, 132, 9, -151, -191, 113, 382, 34, -499, -234, 363, 274, -166, -431, 151, 717, 63, -611, -410]"
"[-25, 5, 22, 24, -2, -18, 26, 18, -71, -61, 14, 212, 260, -212, -374, -54, 221, 258, -69, -232, 607, 94, -2122, -1194, 1955, 3681, 226, -2890, 1570, -307, -4069, -2013, -479, 4380, 3783, -245, -948, -2074, -921, 250, 494, 903, -10, -934, -348, 728, 657, -265, -678, -360, 361, 825, 149, -724, -249, 187, 119, -13, -224, -59, 146, 169, -24, -71, 0, 37, 104, -85, -257, 41, 307, 101, -231, -192, 185, 215, -89, -292, -142, 203, 149, 85, 71, -129, -94, -46, -40, 105, 141, -62, -193, -47, 116, 158, 5, -120, -46, 8, 17, 89, 77, -86, -81, -3, 27, -32, -122, 94, 264, 79, -188, -380, 4, 509, 113, -496, -242, 364, 326, -171, -470, 67, 669, 149, -547, -430]"
"[13, 36, 9, -27, -15, 13, 34, 22, -57, -70, -11, 203, 270, -190, -365, -71, 204, 250, -93, -218, 612, 304, -1505, -1736, 323, 3489, 1020, -810, 3794, -2114, -6917, -3201, -167, 6386, 4617, -473, -1151, -2744, -1134, 704, 658, 795, 27, -949, -452, 695, 686, -221, -623, -294, 392, 610, -62, -609, -136, 329, 245, -120, -327, -117, 121, 238, 57, -59, -30, -54, 46, -14, -188, 24, 257, 123, -170, -233, 92, 239, -4, -263, -177, 171, 177, 76, 18, -98, -17, -70, -116, 88, 174, -26, -207, -64, 122, 174, 17, -112, -28, -13, -17, 61, 57, -39, -29, -10, -13, -60, -122, 131, 281, 94, -136, -442, -106, 499, 154, -415, -193, 322, 272, -196, -468, 83, 658, 203, -477, -477]"
"[-23, 11, 21, 26, -8, -30, 22, 48, -53, -89, -15, 235, 300, -205, -377, -98, 190, 280, -87, -238, 527, 457, -826, -1897, -1063, 2751, 2099, 1520, 4400, -5443, -9300, -763, 2119, 5832, 3741, -802, -1387, -2516, -502, 835, 102, 451, 372, -468, -391, 188, 309, -51, -361, -108, 388, 407, -139, -562, -118, 375, 294, -129, -326, -225, -23, 344, 234, -8, -62, -200, -24, 83, -116, -36, 179, 165, -111, -246, 52, 254, 71, -252, -219, 75, 116, 151, 82, -96, -29, -66, -106, 49, 146, 28, -143, -97, 55, 144, 44, -41, -10, -87, -66, 113, 100, -68, -83, 23, 82, -6, -99, -88, 7, 273, 202, -363, -270, 264, 156, -217, -160, 190, 224, -61, -369, -31, 557, 251, -440, -484]"
"[13, -2, -26, -17, 0, 44, 56, -6, -76, -61, 13, 187, 230, -185, -324, -39, 205, 208, -129, -238, 364, 570, -44, -1582, -1519, 1334, 1134, 1934, 4004, -2988, -5671, -2724, -1134, 4791, 4023, 745, -392, -2303, -562, -454, -838, 1097, 1025, -161, -418, -168, 254, 69, -310, -184, 286, 327, -179, -379, -34, 315, 327, -61, -284, -376, -168, 368, 285, 90, -24, -263, -58, 108, -73, -47, 155, 135, -121, -228, 39, 254, 82, -214, -170, 38, 50, 128, 92, -49, -5, -79, -132, 29, 164, 77, -128, -146, 49, 168, 40, -112, -93, -11, 36, 171, 146, -204, -250, 60, 218, 92, -123, -245, -97, 402, 390, -374, -394, 142, 147, -118, -149, 189, 252, -38, -339, -112, 441, 317, -305, -477]"
"[1, -8, -15, 12, 10, 10, 27, 2, -61, -38, 17, 177, 234, -191, -344, -43, 203, 227, -101, -247, 231, 550, 237, -1103, -1009, 257, -355, 1899, 4175, -1407, -4091, -3446, -2319, 4148, 4395, 1521, -498, -3113, -791, 476, -277, 410, 463, 93, -30, -167, -17, -81, -197, 64, 310, 108, -251, -239, 40, 222, 205, -28, -217, -265, -45, 268, 137, 12, -8, -149, -24, 67, -124, -27, 235, 171, -153, -301, 52, 296, 42, -266, -164, 115, 95, 90, 57, -87, -42, -8, -37, 6, 72, 33, -85, -80, 40, 118, 33, -67, -50, -57, -25, 163, 149, -145, -167, 17, 109, 58, -71, -167, -89, 335, 337, -334, -321, 149, 116, -174, -196, 214, 301, 14, -340, -172, 425, 332, -312, -466]"
"[-2, 22, 10, -7, -15, 19, 60, -3, -106, -54, 50, 218, 234, -230, -366, -35, 197, 251, -80, -264, 106, 488, 192, -498, 276, -362, -2139, 655, 3988, 1111, -2172, -4689, -3781, 3849, 4794, 1961, -566, -3122, -606, 360, -472, 398, 504, 136, -29, -96, 96, -168, -338, 33, 367, 203, -240, -318, 28, 285, 223, -110, -250, -200, -33, 215, 112, 94, 59, -219, -103, 81, -103, 1, 267, 169, -184, -332, 62, 327, 35, -273, -119, 112, 29, 57, 91, -17, -31, -78, -86, 42, 108, 53, -82, -98, 52, 121, 30, -93, -73, -60, -48, 178, 179, -81, -108, -73, -8, 51, -38, -54, -4, 261, 243, -357, -297, 232, 183, -241, -282, 205, 341, 37, -381, -163, 492, 338, -363, -513]"
"[15, 2, -17, -4, 4, 24, 32, -10, -97, -14, 89, 187, 184, -262, -356, 32, 237, 186, -138, -255, 71, 397, -260, -111, 1634, 224, -2500, -1408, 2805, 2369, -1425, -4584, -3759, 3718, 4762, 1851, -745, -3044, -363, 479, -556, 197, 493, 216, -70, -99, 148, -132, -316, -10, 273, 186, -155, -241, -16, 232, 274, -115, -332, -170, 71, 205, 25, 72, 122, -185, -141, 54, -67, -2, 192, 191, -76, -310, 8, 255, 28, -227, -113, 102, 33, 73, 105, -27, -32, -87, -92, 36, 96, 63, -56, -80, 63, 82, -11, -99, -61, -30, -60, 193, 254, -108, -187, -94, 25, 66, -51, -34, 15, 228, 205, -349, -268, 285, 212, -319, -323, 247, 361, 14, -391, -157, 486, 348, -356, -508]"
"[0, 24, 16, -11, -29, 10, 56, 14, -104, -49, 73, 214, 199, -261, -356, 19, 224, 202, -94, -274, 39, 294, -619, -119, 1898, 1141, -1628, -2460, 1786, 2411, -1138, -4381, -3833, 3584, 4649, 2080, -590, -3119, -354, 531, -541, 79, 387, 271, 11, -68, 136, -150, -272, -19, 193, 109, -146, -93, 41, 120, 231, -60, -340, -197, 132, 225, -87, 31, 237, -85, -201, -83, -41, 116, 174, 70, -116, -202, 68, 237, 19, -273, -160, 152, 98, 64, 93, -37, -45, -142, -152, 123, 198, 52, -105, -135, 64, 128, -14, -136, -86, 10, -23, 206, 264, -136, -204, -88, 30, 64, -51, -42, -14, 242, 256, -343, -318, 270, 245, -282, -296, 222, 315, -24, -373, -117, 456, 336, -306, -487]"
"[33, 27, -3, -41, -30, 31, 64, 19, -87, -70, 28, 201, 229, -210, -350, -43, 190, 239, -47, -272, 80, 212, -859, -289, 1558, 1835, -294, -2493, 919, 1273, -1334, -3334, -3334, 3093, 4183, 2242, -348, -3070, -369, 535, -499, 17, 323, 232, -2, 11, 206, -186, -349, -54, 175, 158, -95, -15, 96, -4, 155, -33, -370, -186, 243, 300, -119, -142, 132, 18, -120, -35, 6, 70, 136, -14, -215, -122, 178, 278, -26, -335, -115, 208, 64, -24, 71, 52, -12, -176, -129, 128, 138, 10, -95, -65, 101, 122, -4, -191, -144, 32, 27, 209, 210, -147, -146, -63, -12, 17, -54, 10, 23, 222, 221, -354, -302, 303, 264, -331, -356, 253, 378, -6, -388, -166, 427, 363, -288, -490]"
"[-18, 5, 10, 10, -14, -1, 39, 31, -64, -55, 39, 173, 199, -210, -323, -12, 190, 192, -78, -225, 170, 177, -914, -427, 1095, 1933, 491, -1760, 825, -172, -2129, -2270, -2492, 2933, 3907, 2019, -385, -3005, -357, 609, -402, -56, 183, 196, 30, 125, 296, -238, -429, -110, 185, 195, -135, 7, 179, 18, 113, -102, -381, -141, 233, 302, -70, -124, 116, -45, -153, -2, 10, 86, 177, -7, -218, -167, 137, 258, -61, -256, -17, 207, 25, -78, 77, 86, -7, -197, -135, 123, 117, 28, -40, -76, 52, 94, 5, -152, -141, 25, 55, 209, 167, -174, -134, -11, -6, -16, -43, 45, 23, 166, 191, -326, -286, 322, 284, -353, -372, 262, 379, -30, -409, -116, 477, 323, -337, -481]"
"[-6, 20, 16, -2, -5, 3, 28, 3, -81, -20, 80, 158, 153, -233, -310, 34, 208, 168, -84, -229, 207, 166, -904, -486, 798, 1787, 806, -1045, 858, -1250, -2606, -1299, -1894, 2589, 3750, 1956, -486, -3068, -355, 762, -312, -140, 123, 188, 8, 137, 341, -215, -453, -154, 155, 233, -92, 6, 147, 40, 180, -140, -454, -155, 257, 361, -37, -176, 72, -25, -142, 1, 31, 118, 191, -74, -277, -121, 192, 245, -109, -258, 27, 215, -15, -109, 78, 126, 23, -202, -152, 87, 88, 60, -11, -38, 94, 32, -71, -151, -95, 72, 55, 128, 101, -106, -65, -22, -32, -17, -18, 27, -21, 178, 225, -329, -309, 353, 348, -407, -475, 257, 424, 44, -367, -177, 418, 334, -304, -478]"
"[23, -19, -31, -7, -3, 22, 27, 13, -51, 0, 89, 99, 101, -213, -284, 45, 190, 169, -63, -212, 267, 155, -970, -586, 752, 1743, 605, -795, 1159, -1246, -2590, -1333, -1925, 2424, 3662, 2032, -452, -3039, -341, 751, -311, -143, 121, 170, -19, 156, 382, -188, -447, -233, 86, 299, -6, -13, 84, 8, 183, -73, -395, -205, 188, 351, -41, -147, 108, 6, -125, -57, -27, 117, 223, -7, -239, -191, 139, 250, -102, -221, 72, 184, -81, -122, 94, 169, 46, -202, -150, 49, 63, 96, 33, -69, 23, 38, -3, -119, -139, 26, 60, 179, 141, -125, -103, -50, -29, 28, 12, -1, -56, 161, 229, -272, -255, 297, 277, -395, -429, 269, 395, 38, -337, -164, 406, 300, -318, -455]"
"[-22, -9, -1, 11, -9, 21, 53, -5, -97, -16, 111, 147, 118, -254, -320, 58, 224, 187, -85, -245, 319, 225, -997, -714, 852, 1740, 94, -942, 1540, -471, -2235, -2045, -2355, 2506, 3757, 2090, -498, -3035, -318, 807, -256, -197, 45, 184, 56, 149, 303, -193, -386, -183, 76, 202, -59, 97, 170, -49, 147, -89, -434, -189, 230, 378, -31, -177, 67, 0, -94, -23, -53, 98, 286, 8, -315, -266, 152, 370, -29, -309, -32, 177, -32, -51, 100, 125, 64, -202, -213, 24, 97, 167, 55, -131, -22, 60, 30, -102, -127, -4, 16, 174, 162, -94, -101, -57, -15, 9, -13, 23, -30, 132, 193, -248, -231, 292, 279, -389, -436, 236, 382, 72, -321, -192, 374, 328, -265, -445]"
"[-11, 21, 19, -9, -26, 7, 37, 17, -72, -3, 116, 117, 87, -248, -304, 89, 249, 162, -123, -258, 354, 273, -1033, -769, 1058, 1690, -676, -1042, 2506, 480, -2294, -3456, -3021, 3116, 4092, 2230, -455, -3174, -382, 839, -209, -228, -40, 195, 116, 214, 351, -242, -456, -229, 118, 261, -124, 53, 255, -5, 74, -140, -410, -155, 228, 395, 2, -210, 36, -14, -104, -4, -60, 89, 301, 73, -283, -338, 118, 410, 2, -345, -71, 177, -30, -28, 112, 118, 58, -191, -182, 12, 67, 153, 62, -112, -22, 59, 35, -107, -126, -4, 0, 177, 191, -91, -138, -80, 14, 53, -13, -30, -56, 153, 213, -230, -249, 263, 291, -330, -405, 174, 324, 89, -297, -166, 384, 320, -263, -457]"
"[4, -13, -14, 9, 5, 5, 1, 3, -37, 33, 108, 67, 63, -210, -271, 83, 233, 144, -134, -233, 415, 296, -1085, -855, 1174, 1675, -1230, -969, 3518, 871, -2978, -4482, -3149, 3968, 4407, 2103, -472, -3309, -445, 891, -203, -283, -34, 301, 149, 102, 302, -192, -443, -249, 96, 308, -62, 3, 164, 22, 151, -100, -391, -235, 106, 413, 127, -104, 8, -161, -114, 75, -88, 29, 313, 165, -231, -436, 13, 464, 113, -342, -154, 162, 48, -20, 34, 86, 99, -118, -177, -47, 74, 183, 47, -166, -57, 110, 79, -104, -129, -11, 0, 143, 159, -55, -110, -88, 10, 85, 19, -88, -122, 183, 285, -209, -305, 170, 253, -209, -316, 149, 309, 51, -337, -158, 419, 347, -265, -491]"
"[-32, 42, 57, 9, -28, -31, 22, 26, -59, -18, 69, 133, 152, -217, -321, 21, 216, 195, -113, -234, 444, 310, -1161, -954, 1360, 1890, -1627, -1520, 3770, 1999, -2599, -5681, -3828, 4543, 4818, 2062, -551, -3406, -523, 917, -140, -219, -36, 229, 131, 159, 339, -243, -489, -238, 108, 344, -10, -38, 76, 1, 182, 11, -322, -323, 45, 426, 132, -120, -23, -106, -31, 62, -120, -21, 255, 152, -230, -306, 129, 388, 57, -398, -236, 203, 165, 40, -5, -35, 28, -81, -139, 61, 148, 75, -30, -150, -40, 118, 63, -89, -84, -2, -16, 94, 126, -38, -114, -63, 42, 99, 20, -118, -117, 189, 259, -223, -276, 208, 264, -257, -361, 136, 302, 113, -275, -172, 390, 295, -296, -439]"
"[-37, 17, 42, 20, -11, -34, -5, 22, -39, 11, 79, 101, 128, -208, -318, 35, 229, 196, -121, -266, 413, 463, -934, -1308, 898, 2265, -1251, -1745, 3775, 2274, -2696, -6172, -3901, 4834, 4732, 2114, -289, -3404, -666, 817, -61, -158, -151, 117, 175, 351, 380, -376, -504, -182, 67, 299, 60, 55, 93, -160, 32, 77, -189, -230, 31, 281, 43, -31, 76, -87, -55, 9, -123, -19, 219, 168, -165, -305, 37, 369, 149, -326, -259, 89, 89, 136, 137, -52, -81, -162, -146, 149, 206, 79, -46, -208, -74, 156, 99, -73, -82, -45, -53, 130, 176, -46, -151, -60, 85, 96, 2, -142, -142, 194, 265, -207, -281, 197, 256, -215, -293, 110, 256, 80, -280, -154, 396, 320, -290, -488]"
"[-4, 13, 4, -4, -7, 13, 30, -11, -82, 8, 102, 129, 119, -240, -320, 73, 257, 163, -156, -278, 409, 572, -790, -1592, 431, 2676, -510, -1953, 3165, 2134, -2356, -5848, -3963, 4323, 4416, 2532, 5, -3458, -742, 779, -34, -80, -78, -55, 5, 479, 518, -424, -597, -159, 145, 330, 37, -13, 84, -109, 46, 38, -221, -224, 46, 316, 52, -76, 76, -33, -28, -79, -211, 20, 272, 222, -133, -362, -22, 370, 176, -280, -200, 70, 19, 42, 97, 78, 30, -167, -166, 45, 134, 108, -34, -143, -12, 124, 58, -96, -71, -20, -50, 101, 153, -27, -142, -55, 92, 105, 26, -141, -162, 144, 259, -157, -288, 164, 256, -172, -261, 95, 246, 61, -291, -175, 354, 361, -220, -484]"
"[4, 45, 33, -31, -47, 11, 52, 15, -71, -6, 94, 109, 104, -211, -296, 52, 223, 173, -134, -259, 428, 619, -724, -1878, -89, 3188, 601, -2043, 2290, 1286, -2434, -4565, -2970, 3251, 3037, 2771, 736, -2986, -735, 513, -105, -151, -100, 32, 47, 448, 492, -437, -618, -147, 202, 365, -3, -101, 90, -12, 65, -12, -217, -229, 15, 320, 55, -56, 113, -30, -49, -98, -185, 4, 216, 238, -90, -367, -79, 393, 257, -267, -257, 32, 97, 77, -1, -51, -7, 33, -12, -29, 60, 56, -72, -123, 29, 176, 51, -171, -101, 65, 35, 28, 33, -8, -47, -27, 63, 75, 25, -157, -198, 142, 292, -78, -259, 28, 139, -51, -134, 75, 195, 45, -260, -193, 306, 371, -194, -475]"
"[20, -4, -29, -32, -15, 59, 45, -18, -53, 23, 81, 70, 97, -184, -290, 46, 233, 181, -137, -298, 368, 740, -352, -2176, -1151, 3366, 2108, -1439, 1157, -271, -2413, -2363, -1370, 1372, 793, 3005, 1840, -2108, -794, 12, -145, -110, -103, 55, 23, 374, 456, -296, -486, -233, 80, 362, 88, -80, -2, -83, 81, 101, -178, -293, -4, 348, 59, -91, 125, 8, -82, -145, -145, 49, 180, 201, -66, -360, -137, 385, 284, -210, -217, 6, 75, 59, 10, -44, -5, 17, -40, -37, 63, 75, -61, -110, 34, 145, 27, -147, -87, 80, 75, 25, -3, -52, -39, 19, 68, 53, 28, -153, -220, 131, 315, -17, -236, -78, 55, 28, -46, 76, 154, 2, -252, -178, 269, 404, -112, -480]"
"[-7, 10, 21, 9, -13, -6, 18, 0, -58, 33, 117, 73, 54, -212, -258, 95, 231, 140, -134, -284, 304, 784, 6, -2288, -2005, 3173, 3009, -607, 693, -1505, -2652, -975, -217, 384, -572, 2945, 2455, -1492, -811, -340, -233, -90, -91, 211, 134, 213, 335, -243, -448, -249, 73, 444, 167, -187, -85, -67, 50, 82, -144, -162, 70, 203, -49, -27, 199, 2, -109, -158, -139, 27, 103, 248, 67, -326, -199, 285, 281, -128, -187, -41, 68, 50, -63, -48, 48, 109, 11, -110, 10, 59, -60, -87, 37, 137, 6, -140, -76, 96, 92, 34, 17, -83, -65, 3, 42, 63, 46, -118, -214, 88, 309, 48, -192, -170, -34, 72, 20, 99, 140, -30, -256, -182, 242, 442, -42, -500]"
"[-11, 53, 49, -25, -43, -10, 19, 25, -26, 21, 92, 58, 68, -204, -284, 80, 240, 169, -133, -293, 309, 814, 226, -2372, -2558, 2927, 3394, 38, 550, -2046, -2563, -408, 177, -176, -1233, 2932, 2728, -1130, -762, -567, -384, 25, 176, 209, -59, 31, 301, -73, -342, -263, 27, 405, 193, -173, -104, -86, 34, 87, -133, -107, 128, 140, -137, -31, 244, 25, -167, -134, -24, 39, 40, 152, 30, -246, -147, 275, 253, -139, -160, -23, 49, 23, -51, -39, 20, 105, 33, -70, 35, 6, -112, -79, 40, 158, 49, -129, -121, 45, 110, 110, 30, -141, -87, 37, 76, 46, 3, -125, -185, 118, 299, 40, -142, -191, -115, 54, 46, 143, 156, -36, -253, -209, 203, 447, -9, -466]"
"[25, 11, -22, -24, 3, 48, 37, -42, -89, 53, 159, 75, 27, -261, -290, 148, 283, 140, -156, -314, 237, 870, 588, -2322, -3096, 2354, 3573, 976, 627, -2769, -2607, 81, 192, -408, -1071, 3010, 2571, -1298, -771, -446, -321, 22, 132, 125, -72, 122, 304, -117, -327, -213, 91, 363, 68, -259, -83, 98, 104, -19, -154, -73, 105, 90, -133, 19, 237, 3, -168, -118, -30, 43, 83, 150, -31, -278, -102, 322, 228, -170, -114, -17, -33, -8, 5, 41, 27, 20, -25, -22, 106, 0, -159, -92, 55, 161, 48, -87, -85, -33, 38, 159, 102, -156, -143, 26, 93, 60, -4, -112, -169, 108, 295, 34, -159, -186, -71, 63, 5, 94, 139, 18, -189, -190, 192, 350, -74, -403]"
"[-41, 9, 21, 17, -15, 2, 26, 2, -51, 33, 118, 48, 34, -195, -237, 99, 230, 121, -155, -290, 200, 902, 786, -2284, -3327, 2043, 3533, 1374, 783, -2801, -2424, -202, -377, -233, -469, 3194, 2311, -1663, -795, -229, -252, -42, 55, 116, -44, 188, 344, -137, -330, -248, 51, 347, 74, -189, -65, 44, 92, 41, -98, -128, 23, 75, -73, 79, 209, -71, -156, -60, -46, 5, 97, 214, 16, -336, -160, 316, 236, -154, -112, -11, -47, -23, 12, 92, 70, -33, -69, -13, 108, -3, -147, -65, 68, 110, 8, -60, -59, -33, 15, 178, 148, -150, -163, -22, 89, 84, -35, -131, -145, 182, 365, -39, -265, -196, -3, 124, -20, 13, 112, 98, -147, -228, 159, 375, -52, -395]"
"[-24, 17, 23, 6, -18, 3, 27, -1, -52, 31, 111, 70, 68, -220, -293, 86, 238, 163, -131, -287, 211, 861, 722, -2246, -3222, 2038, 3407, 1358, 968, -2723, -2519, -505, -664, 127, 37, 3142, 1984, -1876, -726, -31, -208, -129, -9, 139, 12, 217, 348, -214, -423, -196, 148, 388, 80, -251, -124, 17, 112, 113, -95, -185, 20, 115, -56, 60, 200, -102, -204, -28, -17, 32, 146, 206, -48, -399, -128, 411, 243, -238, -134, 11, -67, -7, 44, 118, 80, -75, -90, -10, 88, 21, -102, -72, 46, 119, 20, -81, -62, -27, -23, 164, 198, -88, -175, -103, 74, 143, -17, -165, -164, 216, 405, -72, -320, -196, 14, 153, -15, 16, 150, 90, -200, -273, 182, 437, -59, -448]"
"[14, 26, 8, -28, -11, 26, 20, -35, -75, 72, 155, 48, 17, -227, -264, 119, 246, 146, -131, -305, 191, 856, 588, -2200, -2874, 2287, 3379, 809, 676, -2588, -2570, -311, -485, 149, 46, 3108, 2012, -1906, -762, -110, -284, -41, 104, 135, -64, 165, 397, -157, -430, -269, 64, 424, 172, -184, -144, -62, 131, 127, -150, -183, 90, 132, -107, 21, 203, -73, -190, -14, -13, 5, 131, 222, -24, -415, -180, 410, 288, -184, -139, -52, -71, 35, 64, 78, 34, -52, -27, -7, 21, -9, -58, -30, 15, 75, 21, -20, -13, -81, -88, 155, 204, -44, -132, -96, 70, 83, -74, -139, -116, 269, 422, -169, -397, -126, 95, 141, -55, -9, 140, 105, -181, -237, 211, 377, -114, -435]"
"[17, 15, -8, -26, -21, 24, 23, -4, -41, 50, 128, 39, 19, -228, -268, 139, 256, 128, -153, -287, 277, 808, 153, -2159, -2005, 2861, 3188, -514, -202, -2104, -2173, 535, 36, -657, -572, 3391, 2437, -1875, -922, -299, -277, 98, 97, 17, -113, 307, 499, -233, -514, -262, 107, 436, 149, -170, -69, -91, 35, 85, -166, -119, 169, 178, -98, -96, 120, -27, -159, 9, 28, 30, 118, 119, -83, -321, -95, 371, 226, -186, -113, -41, -64, 43, 62, 46, 17, -49, -36, 20, 57, -8, -67, -57, 4, 94, 31, -14, 21, -85, -134, 110, 200, 20, -95, -127, 35, 69, -66, -94, -81, 222, 349, -174, -350, -40, 120, 43, -92, 46, 170, 59, -233, -215, 261, 394, -135, -456]"
"[-27, 7, 23, 27, 5, -16, 0, -7, -42, 55, 135, 42, 20, -225, -272, 113, 235, 165, -104, -305, 248, 747, -93, -1898, -1002, 2785, 1991, -1446, -91, -758, -1505, 167, -234, -1161, -864, 3859, 2837, -1958, -1127, -441, -273, 225, 147, 13, -113, 248, 466, -193, -462, -276, 38, 393, 156, -47, 12, -173, 10, 95, -219, -169, 181, 274, -64, -138, 110, -18, -144, -32, -31, 68, 159, 109, -104, -290, -52, 356, 210, -216, -143, -32, -58, 76, 94, 34, -3, -68, -31, 20, 19, 5, -11, -44, -33, 76, 71, -27, -42, -71, -77, 110, 155, 11, -66, -113, 12, 64, -35, -85, -89, 201, 336, -189, -382, -1, 178, 64, -85, -14, 101, 64, -201, -149, 299, 353, -169, -479]"
"[-3, 38, 32, -10, -23, -5, 9, 3, -37, 60, 140, 22, -5, -222, -251, 157, 261, 108, -152, -285, 285, 671, -305, -1509, -9, 2134, 168, -1686, 778, 872, -588, -997, -1190, -1321, -667, 4165, 2808, -2013, -1124, -401, -234, 208, 104, 10, -62, 287, 458, -267, -509, -243, 59, 394, 149, -9, 79, -211, -64, 50, -231, -121, 218, 311, -56, -229, 54, 59, -81, -75, -98, 104, 275, 99, -213, -342, 19, 427, 196, -311, -229, 13, 7, 153, 143, -39, -60, -74, -19, 42, 25, -11, -46, -33, 12, 106, 78, -78, -83, -66, -48, 142, 139, -23, -63, -78, 18, 48, -14, -73, -107, 144, 278, -132, -302, 42, 194, -26, -154, 5, 130, 88, -205, -159, 297, 354, -161, -452]"
"[0, -12, -11, 18, 7, 1, 12, -1, -39, 35, 114, 41, 22, -203, -233, 130, 235, 85, -174, -240, 330, 522, -430, -1158, 78, 1464, -241, -653, 1560, 536, -576, -1581, -1989, -907, 115, 4143, 2348, -2256, -1086, -167, -184, 165, 122, 64, -29, 182, 382, -222, -493, -199, 129, 341, 38, 7, 176, -167, -97, -33, -277, -65, 263, 343, -39, -260, 48, 55, -84, -73, -109, 99, 294, 102, -244, -355, 14, 451, 227, -293, -232, -40, -10, 195, 153, -60, -61, -61, -26, 47, 56, -23, -91, -47, 31, 137, 66, -111, -97, 2, 28, 103, 99, -87, -142, -7, 134, 91, -25, -198, -217, 204, 383, -81, -322, -37, 169, -3, -148, 17, 143, 96, -206, -194, 277, 404, -116, -490]"
"[-21, -4, 12, 10, -21, 11, 45, -6, -79, 29, 145, 70, 21, -239, -262, 131, 240, 125, -95, -286, 106, 342, -568, -730, 498, 1870, 302, -1888, 130, 1566, 1187, -2056, -3417, -1349, 482, 4867, 2501, -2519, -1211, -210, -225, 287, 257, 85, -57, 53, 327, -152, -458, -201, 137, 290, -56, 52, 294, -105, -117, -175, -334, 28, 297, 314, -46, -253, 30, 80, -17, -90, -131, 76, 262, 50, -283, -268, 89, 452, 204, -361, -286, 46, 89, 164, 80, -71, -2, -49, -80, 13, 64, 26, -37, -48, 6, 64, 28, -61, -75, 1, 39, 112, 77, -118, -129, 36, 155, 57, -70, -222, -228, 301, 491, -137, -393, -93, 114, 29, -105, 74, 172, 63, -233, -222, 273, 440, -102, -508]"
"[-19, 4, 25, 13, -15, -15, 7, 18, -27, 40, 116, 29, 18, -196, -248, 107, 226, 142, -91, -326, -174, 457, 74, 118, 1827, -287, -3800, -1830, 3067, 4880, 1337, -5308, -4677, -174, 1173, 5024, 2551, -2817, -1467, -234, -96, 477, 289, -36, -81, 24, 265, -116, -385, -146, 143, 171, -137, 119, 326, -69, -61, -218, -384, 52, 312, 273, -39, -194, 27, 26, -8, -62, -141, -8, 121, 175, -41, -225, -19, 291, 192, -267, -254, 28, 61, 136, 79, -22, 44, -76, -130, -21, 74, 76, -35, -73, 18, 79, 14, -89, -87, 23, 59, 132, 101, -157, -168, 31, 149, 78, -39, -232, -281, 317, 569, -124, -428, -149, 72, 56, -58, 124, 170, 2, -241, -186, 284, 405, -133, -490]"
"[-15, 43, 43, -11, -28, -14, 8, 3, -49, 47, 122, 55, 58, -218, -289, 88, 238, 172, -124, -324, -49, 781, 1175, -898, -1356, -1090, -2509, 1849, 5150, 3237, 391, -7083, -5926, 1285, 2288, 4932, 2236, -3068, -1568, -62, 168, 458, 101, -209, -99, 192, 317, -184, -425, -106, 156, 194, -47, 63, 173, -78, 49, -127, -384, -73, 213, 330, 35, -163, 29, -10, -36, -76, -179, 51, 255, 200, -110, -364, -73, 359, 215, -191, -158, -65, -81, 135, 160, 49, 30, -134, -140, 12, 90, 70, -31, -80, 0, 52, -24, -41, -21, 39, 34, 94, 132, -134, -199, -31, 106, 150, 11, -241, -251, 345, 542, -237, -453, -41, 108, -1, -107, 144, 218, 27, -261, -198, 321, 390, -168, -499]"
"[1, 11, -3, -17, -17, 31, 43, -11, -66, 22, 108, 62, 47, -201, -257, 108, 258, 137, -162, -319, 211, 879, 747, -2132, -2671, 1333, 434, 1177, 4141, 2000, -629, -7095, -5573, 2508, 2748, 4301, 1930, -3033, -1398, 5, 69, 269, 1, -53, 57, 242, 229, -388, -482, 149, 343, 119, -73, -92, -26, -20, 158, 11, -306, -170, 131, 305, 44, -124, 39, -22, -64, -58, -129, 80, 278, 112, -216, -316, 21, 386, 203, -249, -220, -67, -46, 217, 215, -21, -45, -167, -155, 92, 189, 51, -109, -155, -2, 147, 37, -78, -63, 6, 22, 141, 178, -138, -218, -61, 118, 144, -78, -231, -113, 432, 477, -410, -491, 94, 161, -67, -185, 177, 310, 61, -285, -241, 343, 356, -250, -462]"
"[0, -9, -5, 9, -6, 14, 29, -5, -59, 26, 113, 63, 40, -209, -249, 104, 224, 125, -144, -249, 574, 644, -970, -2496, -516, 4168, 652, -2745, 2592, 3551, -412, -6945, -5059, 2510, 2375, 4258, 2233, -2951, -1398, -153, -127, 161, -11, 203, 232, 148, 55, -422, -336, 278, 344, -30, -136, -108, -85, 56, 225, 31, -277, -188, 93, 259, 29, -85, 66, -7, -90, -84, -62, 134, 210, -5, -196, -174, 54, 277, 155, -219, -223, -58, -11, 228, 171, -81, -77, -33, -7, 26, 102, -21, -179, -124, 40, 242, 96, -132, -90, -27, -17, 151, 199, -109, -210, -76, 101, 130, -56, -170, -59, 313, 313, -348, -347, 144, 121, -135, -206, 204, 352, 65, -316, -274, 341, 388, -222, -483]"
"[-35, 12, 27, 23, 3, -4, 10, -29, -70, 64, 145, 51, 28, -227, -278, 125, 258, 142, -116, -225, 665, 105, -2395, -1117, 3142, 3649, -2667, -4620, 3077, 5195, -171, -5970, -3804, 676, 442, 4971, 3463, -2570, -1563, -709, -458, 255, 173, 450, 297, -98, -133, -285, -135, 281, 263, -108, -151, -87, -68, 67, 197, 17, -251, -154, 56, 219, 61, -5, 89, -86, -128, -52, -26, 99, 152, 16, -165, -174, 48, 292, 168, -241, -243, -41, 35, 232, 112, -125, -27, 46, -18, -67, 83, 41, -177, -164, 38, 310, 155, -196, -162, -22, 16, 170, 193, -113, -224, -94, 98, 196, 45, -215, -225, 207, 371, -92, -240, -80, -37, -45, -79, 219, 287, 0, -311, -234, 331, 408, -179, -527]"
"[-31, 11, 34, 11, -27, -22, 7, 28, -20, 31, 107, 26, 15, -202, -238, 134, 234, 102, -60, -184, 347, -285, -2198, 378, 3977, 1422, -3973, -2859, 3755, 3442, -1064, -3433, -1782, -1574, -1899, 5814, 4982, -2215, -1956, -1371, -691, 570, 394, 530, 320, -253, -228, -223, -66, 230, 199, -61, -111, -94, -78, 46, 197, 36, -281, -175, 107, 273, 47, -89, 56, -38, -115, -36, 4, 73, 132, 42, -148, -240, -13, 377, 247, -278, -288, -1, 106, 142, -18, -75, 94, 64, -101, -133, 96, 114, -159, -156, 85, 262, 67, -189, -90, 8, -19, 112, 154, -57, -151, -73, 95, 146, 56, -262, -397, 234, 569, 71, -266, -299, -92, 52, -43, 170, 219, 47, -231, -256, 260, 427, -142, -530]"
"[-3, 29, 16, -21, -22, 19, 21, -3, -39, 42, 109, 32, 30, -199, -250, 110, 229, 128, -14, -250, -174, -301, -1413, 1484, 4538, -57, -4596, -3004, 2735, 3200, -867, -1428, -208, -3090, -3546, 5999, 5897, -1780, -2219, -1896, -825, 930, 634, 464, 230, -354, -238, -165, -72, 199, 198, -47, -132, -46, 2, 5, 149, 32, -266, -175, 106, 257, 23, -87, 27, -23, -42, 51, 57, -114, -79, 125, 13, -147, -12, 267, 168, -273, -237, 87, 133, 58, -51, -65, 61, 77, -48, -92, 83, 52, -180, -124, 102, 259, 61, -191, -90, 14, -8, 113, 149, -69, -151, -74, 77, 139, 61, -245, -432, 234, 639, 166, -215, -464, -225, 111, 5, 187, 231, 78, -192, -325, 162, 437, -90, -454]"
"[26, 19, -1, -37, -36, 34, 50, 5, -57, 21, 101, 54, 56, -186, -261, 73, 221, 172, -31, -309, -481, 133, 475, 1746, 3016, -3311, -6434, 423, 4980, 2648, -1365, -1461, -15, -3549, -3850, 6374, 6287, -1996, -2656, -2003, -638, 1327, 812, 154, -18, -354, -143, -28, -70, 107, 197, -8, -138, -83, -13, 45, 200, 22, -287, -228, 66, 284, 47, -64, 50, -32, -47, 1, -40, -96, -12, 260, 125, -271, -131, 221, 141, -193, -144, 113, 103, -50, -91, 2, 66, 67, -17, -58, 69, 8, -151, -72, 95, 155, -2, -86, 4, -38, -89, 113, 197, -32, -146, -135, 26, 167, 83, -216, -389, 232, 624, 106, -260, -424, -175, 116, -34, 177, 286, 83, -258, -346, 183, 469, -78, -442]"
"[-1, -23, -18, 27, 29, -1, -20, -11, -19, 71, 119, 15, 14, -209, -261, 144, 266, 134, -95, -281, -246, 577, 1718, -48, -1667, -3128, -2540, 4796, 5677, -1740, -2973, -783, -545, -3024, -2564, 6957, 5880, -3164, -3106, -1291, -20, 1333, 563, -251, -157, -61, 27, -48, -66, 78, 149, -93, -172, 8, 27, 36, 206, 6, -310, -245, 57, 340, 90, -97, 17, -56, -60, 26, -73, -44, 171, 276, 2, -454, -178, 358, 185, -190, -99, 79, 21, -83, -66, 92, 137, 1, -100, -85, 71, 57, -114, -64, 78, 123, 12, -65, -8, -68, -86, 140, 182, -52, -121, -81, 43, 93, 7, -186, -305, 307, 636, -53, -391, -329, -57, 146, -60, 131, 297, 63, -306, -323, 223, 493, -42, -473]"
"[-2, 14, 2, -9, -10, 22, 29, -8, -34, 41, 110, 23, 11, -190, -227, 127, 233, 116, -87, -214, 324, 591, 485, -2217, -3598, 1711, 3272, 2916, 2230, -3928, -2656, 81, -1798, -2265, -464, 7170, 4645, -4254, -2950, -299, 397, 907, 220, -357, -174, 172, 243, -123, -229, -30, 130, 26, -87, 14, 32, 3, 174, -82, -415, -98, 236, 311, -14, -150, 54, -3, -70, -41, -113, 91, 347, 108, -277, -413, 32, 463, 115, -329, -129, 158, 55, -60, -39, 58, 93, -40, -139, 11, 187, 21, -189, -133, 28, 197, 116, -43, -53, -159, -142, 192, 258, -4, -137, -161, 40, 118, -53, -192, -197, 396, 601, -241, -491, -165, 73, 115, -112, 98, 289, 59, -330, -279, 295, 502, -48, -545]"
"[-32, 6, 21, 12, -11, 1, 2, 0, -7, 57, 99, -4, 13, -166, -228, 99, 231, 136, -39, -208, 648, 116, -2068, -2203, -192, 5577, 4142, -2771, -1132, -2177, -1411, 414, -2647, -1415, 1459, 6613, 3136, -4690, -2325, 296, 294, 465, 108, -216, -172, 254, 386, -201, -369, -61, 132, 104, -3, 36, 17, -106, 53, -46, -318, 38, 295, 148, -125, -109, 112, 34, -112, -88, -13, 191, 278, -145, -402, -139, 246, 368, -6, -359, -115, 175, 68, -16, -9, 7, 44, -57, -116, 53, 166, 1, -162, -122, 20, 230, 189, -124, -193, -158, -65, 294, 289, -92, -183, -138, 37, 93, -70, -88, -25, 283, 317, -323, -360, 106, 143, -94, -205, 177, 351, 21, -389, -246, 371, 470, -149, -558]"
"[-42, 21, 33, 31, 4, -18, -5, -4, -22, 54, 123, 18, -10, -218, -244, 169, 268, 95, -19, -183, 529, -482, -3475, -236, 4264, 4903, 791, -5652, -1721, -37, -699, 612, -2911, -751, 2964, 5806, 1930, -4897, -1947, 447, 74, 424, 107, -150, -70, 374, 360, -384, -409, 85, 230, 45, -55, -43, -62, -45, 96, 18, -229, 16, 239, 79, -132, -84, 74, 44, -51, -15, 57, 38, 34, -99, -181, 62, 285, 57, -230, -230, 1, 223, 79, -17, 11, -32, -6, -63, -77, 102, 143, -77, -200, -31, 117, 202, 126, -190, -243, -87, 5, 333, 316, -170, -261, -143, 36, 140, -14, -47, 0, 157, 167, -252, -204, 183, 119, -234, -256, 245, 365, -23, -403, -130, 461, 327, -277, -491]"
"[-5, 36, 28, -21, -37, 7, 33, 14, -42, 26, 123, 39, 16, -219, -265, 138, 269, 145, 46, -251, -34, -799, -2907, 2055, 6245, 1290, -2435, -4606, -1424, 313, -23, 1654, -2844, -854, 3965, 5151, 1059, -5193, -2027, 581, 65, 645, 228, -157, -41, 271, 226, -346, -261, 174, 207, -142, -167, 51, -10, -15, 115, 35, -184, -52, 133, 82, -78, -24, 95, 36, -18, -50, -7, -25, -20, 23, -25, 38, 161, -76, -277, -50, 119, 192, 72, -57, 3, -62, -67, -53, -11, 143, 75, -128, -139, 72, 155, 100, 66, -216, -291, -16, 103, 358, 302, -268, -324, -86, 62, 160, 50, -44, -49, 88, 141, -196, -141, 209, 88, -329, -273, 341, 387, -98, -431, -43, 545, 249, -384, -488]"
"[25, 17, -11, -39, -37, 41, 57, 7, -50, 21, 126, 30, -12, -213, -230, 162, 265, 93, 47, -287, -622, -703, -1249, 3152, 5289, -1727, -3061, -2376, -1863, -214, 1154, 2658, -3013, -1313, 4535, 4659, 380, -5394, -2212, 835, 236, 906, 417, -302, -176, 113, 135, -148, -78, 111, 103, -220, -231, 116, 53, 58, 196, -22, -266, -140, 90, 195, -31, -30, 135, 34, -38, -116, -77, -9, 25, 134, 85, -78, -22, -156, -256, 184, 266, 56, -40, -78, 30, -17, -85, -75, -1, 158, 68, -105, -86, 33, 108, 82, 27, -222, -262, 75, 156, 269, 241, -264, -319, -68, 61, 178, 62, -64, -37, 109, 114, -238, -103, 244, 32, -386, -261, 423, 394, -145, -396, 37, 561, 88, -508, -387]"
"[-25, -33, -21, 37, 33, 20, 2, -43, -48, 84, 146, -2, -42, -204, -190, 172, 233, 49, 52, -290, -955, -443, 62, 3183, 3846, -2701, -2014, -1954, -4254, -168, 3600, 4258, -3311, -2757, 4635, 4554, -228, -5553, -2264, 1337, 626, 888, 332, -584, -387, 244, 291, -17, -14, -20, 6, -256, -260, 192, 119, 85, 203, -103, -328, -114, 107, 223, -7, -15, 169, 5, -67, -160, -157, 37, 136, 208, 97, -215, -165, -106, -130, 275, 267, -48, -75, -74, 17, -10, -92, -43, 37, 146, 48, -89, -37, -17, 5, 93, 83, -172, -254, 65, 176, 230, 179, -242, -252, -58, 19, 154, 67, -50, 0, 115, 43, -270, -39, 301, -11, -453, -254, 512, 429, -230, -422, 82, 551, 48, -514, -336]"
"[-39, 4, 15, 44, 22, -18, -25, -4, 14, 65, 90, -29, -29, -169, -198, 165, 248, 75, 47, -380, -1194, -51, 1084, 2856, 2711, -3093, -1290, -1764, -5695, -209, 5080, 5473, -3498, -4099, 4542, 4930, -492, -5795, -2233, 1757, 892, 718, 145, -724, -431, 408, 398, 5, 21, -127, -81, -280, -305, 245, 183, 157, 247, -187, -402, -126, 124, 298, 40, -68, 140, -13, -129, -146, -83, 108, 146, 114, 45, -210, -171, -49, -86, 244, 243, -6, -25, -130, -43, 2, -74, -45, 16, 162, 91, -70, -33, -85, -60, 123, 125, -127, -232, 33, 156, 201, 138, -213, -207, -34, 14, 114, 50, -21, 30, 87, 13, -233, 13, 254, -64, -445, -249, 518, 422, -186, -340, 47, 467, 0, -516, -259]"
"[-25, 3, 18, 21, 0, -8, 5, -5, -34, 57, 131, 18, -25, -221, -232, 189, 294, 78, -54, -450, -1215, 428, 2018, 2328, 1534, -3744, -1069, -857, -6288, -784, 5923, 7140, -3189, -5941, 4004, 5680, -452, -6112, -2198, 2107, 1049, 433, -157, -657, -219, 563, 389, -155, -43, -92, -24, -257, -392, 192, 257, 255, 230, -240, -381, -142, 91, 316, 51, -56, 189, -56, -259, -140, 34, 194, 119, 29, 42, -189, -173, -33, -61, 196, 182, 9, -8, -89, 6, -21, -111, -56, 33, 165, 74, -72, -34, -69, -46, 109, 105, -111, -205, 23, 132, 196, 141, -191, -171, -48, -51, 81, 81, 68, 44, -1, -40, -159, 95, 235, -116, -474, -224, 538, 408, -205, -360, 50, 496, 34, -523, -310]"
"[5, 36, 8, -27, -20, 26, 24, -9, -37, 58, 132, 16, -15, -203, -223, 147, 241, 99, -87, -418, -1032, 844, 2812, 1344, -401, -4007, 73, 854, -6706, -2602, 5938, 9446, -1951, -7944, 2587, 6071, -124, -5713, -1874, 2054, 883, 124, -287, -427, -54, 553, 351, -218, -49, -64, -16, -317, -497, 272, 394, 293, 230, -337, -475, -146, 130, 394, 74, -88, 180, -84, -297, -98, 96, 177, 71, 26, 51, -185, -145, -8, -92, 147, 215, 52, -30, -166, -50, 73, 1, -60, -16, 63, -1, 4, 37, -37, -27, 84, 101, -155, -235, 59, 150, 166, 115, -138, -125, -96, -91, 107, 130, 63, -15, -42, 3, -77, 93, 139, -168, -413, -165, 548, 402, -235, -372, 38, 482, 59, -508, -301]"
"[-6, 21, 2, -12, 0, 28, 13, -33, -51, 78, 145, 22, -7, -221, -244, 167, 286, 87, -167, -422, -870, 1090, 3267, 697, -1806, -4143, 1287, 2176, -7631, -4582, 6151, 12364, -626, -10449, 1081, 6857, 433, -5597, -1761, 1918, 626, 13, -234, -191, 55, 451, 305, -240, -51, -107, -113, -273, -413, 341, 434, 247, 214, -413, -571, -83, 237, 406, -1, -140, 205, -16, -289, -130, 134, 188, 13, -62, 9, -61, -31, -31, -155, 81, 218, 119, -23, -203, -66, 75, 8, -11, 32, -10, -90, 13, 69, 25, 20, 51, 58, -189, -245, 100, 181, 149, 79, -133, -85, -82, -100, 87, 137, 53, -56, -54, 36, -30, 73, 100, -157, -368, -125, 494, 318, -217, -321, 64, 484, 49, -504, -324]"
"[-9, -47, -28, 37, 21, 14, 11, -11, -7, 54, 101, -23, -25, -156, -201, 149, 269, 83, -209, -375, -490, 1326, 3389, -663, -3932, -2908, 4245, 2864, -9954, -6779, 7109, 15531, 366, -13052, -360, 7593, 991, -5370, -1653, 1706, 373, -36, -132, -8, 109, 340, 273, -252, -97, -126, -124, -225, -416, 386, 534, 202, 107, -425, -489, -63, 167, 389, 71, -120, 123, -61, -229, -35, 170, 101, -48, -83, -15, 0, 20, -40, -178, 92, 273, 68, -140, -177, 28, 105, -17, -16, 57, -59, -129, 57, 90, 5, 13, 69, 66, -206, -262, 109, 193, 160, 87, -142, -99, -101, -114, 125, 208, 40, -164, -125, 79, 131, 150, -30, -249, -352, -96, 500, 300, -186, -290, 9, 427, 130, -387, -364]"
"[-5, 11, 19, 15, 0, -16, -21, 1, -9, 82, 139, 2, 0, -215, -261, 139, 267, 130, -190, -321, -29, 1349, 2740, -2095, -5448, -319, 8132, 2286, -13133, -9353, 7568, 19215, 2099, -15401, -2226, 7778, 1591, -4570, -1376, 1219, 61, 5, -25, 53, 135, 344, 264, -340, -151, -117, -164, -144, -301, 378, 471, 149, 141, -355, -489, -132, 166, 423, 73, -155, 76, -54, -194, 27, 195, 32, -94, -72, -4, 22, 29, -62, -210, 122, 331, 73, -147, -226, -37, 123, 61, 40, 39, -161, -187, 117, 139, 33, 40, 7, -10, -187, -206, 139, 198, 118, 24, -167, -96, 15, -5, 56, 125, -17, -205, -51, 169, 142, 111, -76, -230, -342, -145, 482, 344, -123, -316, -78, 416, 234, -317, -442]"
"[-25, 29, 20, 0, -4, 22, 23, -30, -48, 57, 130, 36, 23, -217, -265, 135, 276, 131, -200, -282, 352, 1283, 1849, -3045, -5876, 2126, 10977, 749, -16175, -10605, 8436, 21918, 3206, -17136, -3394, 7822, 1823, -4042, -1144, 965, -136, 57, 96, 40, 68, 327, 298, -334, -229, -144, -125, -50, -252, 332, 438, 97, 92, -294, -405, -110, 151, 340, 30, -123, 81, -48, -176, 46, 209, 4, -129, -80, 0, 43, 40, -45, -192, 76, 286, 103, -113, -196, 5, 69, -11, 34, 58, -133, -180, 132, 156, 13, 37, -10, -67, -172, -119, 177, 150, 46, 31, -115, -79, -7, -25, 42, 121, 1, -206, -50, 201, 150, 86, -115, -241, -303, -120, 466, 334, -122, -324, -107, 385, 293, -248, -440]"
"[-19, 33, 26, 2, 2, 4, -8, -16, -5, 83, 138, -34, -53, -193, -209, 188, 270, 83, -189, -205, 708, 1027, 542, -3586, -5059, 4653, 12236, -2347, -18754, -8501, 11305, 21233, 1357, -17788, -3009, 8449, 1827, -4096, -1066, 928, -190, 44, 130, 47, 31, 317, 348, -330, -313, -194, -129, 62, -149, 338, 424, -22, -8, -230, -308, -61, 136, 261, 17, -91, 87, -63, -183, 57, 220, -20, -176, -38, 87, 15, -84, -47, -72, 171, 285, -49, -194, -129, 43, 61, -30, 58, 78, -146, -178, 136, 140, 4, 63, 2, -104, -191, -87, 225, 161, 0, 13, -120, -101, 23, 24, 40, 85, -39, -216, 11, 250, 118, 45, -151, -263, -242, -74, 455, 331, -144, -357, -101, 407, 309, -251, -463]"
"[-2, 7, -2, -2, 5, 18, 2, -24, -18, 90, 159, -35, -63, -202, -211, 190, 276, 81, -177, -189, 890, 803, -488, -3651, -3689, 6197, 11784, -5402, -20049, -4601, 14524, 18214, -1819, -16868, -1239, 8468, 995, -4253, -820, 1073, -220, 48, 139, 2, 34, 368, 365, -400, -375, -153, -112, 93, -84, 340, 373, -90, -27, -165, -236, -58, 92, 185, 14, -18, 95, -116, -197, 116, 259, -88, -239, -5, 111, 7, -102, -5, -2, 159, 238, -114, -219, -62, 98, 30, -95, 40, 90, -68, -105, 86, 72, -20, 81, 35, -120, -210, -78, 245, 162, 2, 26, -136, -119, 27, 23, 56, 110, -48, -227, 19, 282, 93, -35, -198, -253, -102, 12, 389, 302, -176, -391, -90, 412, 328, -231, -454]"
"[-5, -24, -17, 25, 23, 11, -15, -25, -3, 89, 146, -36, -68, -207, -188, 209, 253, 48, -160, -149, 937, 697, -769, -3575, -2997, 6432, 10550, -6975, -20024, -691, 17306, 14306, -5216, -15119, 1088, 7954, -333, -4366, -450, 1339, -224, 29, 149, -39, 46, 400, 333, -481, -406, -55, -91, 80, -9, 381, 354, -212, -86, -98, -211, -79, 65, 232, 67, -46, 51, -126, -164, 125, 164, -115, -151, 126, 138, -119, -144, 46, 50, 112, 161, -128, -209, -10, 105, 22, -79, 51, 83, -80, -80, 85, 37, -39, 95, 52, -129, -210, -45, 240, 106, -36, 30, -42, -41, -43, -63, 45, 122, -28, -221, 50, 332, 59, -116, -250, -255, 23, 104, 347, 275, -244, -448, -53, 459, 348, -231, -485]"
"[-30, 9, 33, 23, -9, -14, 5, 1, -3, 61, 117, -25, -39, -179, -197, 168, 257, 86, -166, -206, 841, 828, -324, -3555, -3260, 5709, 9376, -6683, -18795, 1488, 18284, 11101, -7304, -13130, 2861, 7062, -1438, -4278, -198, 1501, -150, 75, 96, -159, 53, 510, 356, -537, -401, -30, -98, 44, -21, 397, 352, -194, -55, -129, -261, -73, 80, 254, 97, -37, 34, -170, -167, 150, 141, -124, -116, 169, 144, -176, -177, 84, 107, 91, 93, -152, -179, 34, 103, 6, -73, 47, 65, -71, -68, 90, 52, -42, 77, 42, -110, -189, -53, 208, 95, -18, 47, -33, -34, -60, -67, 45, 111, -33, -210, 66, 326, 41, -117, -231, -254, 28, 148, 324, 206, -261, -426, -14, 468, 347, -222, -514]"
"[-28, 29, 50, 10, -29, -18, 21, 9, -39, 48, 163, 9, -61, -241, -225, 221, 298, 70, -207, -223, 737, 963, 308, -3419, -3647, 4536, 8099, -5798, -17273, 2966, 18619, 8545, -8641, -11421, 4085, 6203, -2261, -4116, 4, 1651, -67, 49, 36, -204, 74, 552, 344, -557, -369, -19, -135, 13, -13, 431, 354, -199, -34, -142, -312, -62, 150, 274, 55, -90, 25, -116, -112, 105, 37, -112, -5, 233, 109, -282, -197, 143, 123, 43, 33, -98, -105, 44, 98, -39, -108, 46, 77, -37, -61, 64, 27, -15, 125, 44, -130, -222, -68, 216, 96, 5, 73, -46, -62, -99, -94, 112, 172, -55, -245, 50, 347, 49, -155, -242, -220, 40, 119, 331, 246, -275, -460, -31, 458, 376, -199, -502]"
"[-6, 14, 18, -12, -17, 15, 10, -14, -19, 81, 157, -29, -84, -214, -182, 235, 271, 22, -215, -217, 546, 1078, 1030, -3081, -3926, 3075, 6899, -4610, -15999, 3378, 18393, 7598, -8820, -10714, 4389, 5640, -2630, -3883, 174, 1703, -33, -33, -43, -202, 90, 579, 362, -537, -360, -64, -166, 22, -4, 458, 369, -220, -37, -137, -317, -69, 153, 275, 43, -94, 11, -89, -54, 104, -1, -144, 18, 245, 71, -286, -161, 161, 105, 22, 37, -75, -85, 39, 93, -81, -185, 72, 174, 36, -75, -53, -8, 43, 152, 33, -130, -246, -113, 240, 152, 17, 36, -73, -50, -69, -83, 101, 176, -54, -244, 28, 301, 65, -94, -200, -248, -26, 123, 368, 218, -284, -417, -11, 446, 344, -225, -478]"
"[5, 27, -3, -13, 10, 23, -3, -33, -30, 95, 174, -17, -70, -229, -215, 217, 293, 64, -229, -276, 358, 1193, 1603, -2652, -3898, 1690, 5705, -3394, -14486, 2937, 17054, 7397, -8241, -10083, 4545, 5449, -2688, -4142, 78, 1887, 31, -135, -106, -161, 80, 624, 472, -557, -446, -101, -136, 36, -25, 457, 363, -200, -20, -160, -328, -36, 161, 241, 45, -70, 25, -113, -87, 95, 12, -109, 8, 225, 90, -268, -178, 158, 144, -1, -34, -83, -46, 96, 136, -120, -252, 37, 185, 102, -50, -83, -34, 37, 159, 76, -79, -279, -153, 191, 98, 78, 127, -66, -120, -130, -60, 195, 218, -128, -298, 39, 319, 77, -89, -205, -264, -64, 100, 446, 292, -319, -465, -44, 425, 370, -204, -453]"
"[-11, 5, 5, -3, -23, 26, 32, 2, -6, 56, 132, -43, -77, -187, -185, 212, 280, 44, -228, -294, 134, 1246, 2077, -2070, -3478, 451, 4578, -3008, -14247, 3042, 17167, 7949, -8058, -10636, 4488, 5810, -2607, -4516, -91, 2112, 183, -225, -196, -149, 96, 608, 471, -528, -445, -105, -128, -1, -49, 535, 453, -290, -166, -168, -280, 82, 241, 195, -7, -135, 13, -21, -36, 31, -5, -100, -43, 175, 103, -170, -158, 104, 145, 17, -61, -89, 2, 120, 114, -156, -245, 30, 149, 130, 3, -69, -43, -23, 114, 132, -22, -304, -223, 186, 149, 146, 139, -139, -145, -96, -46, 170, 214, -109, -307, 5, 295, 120, -25, -183, -288, -147, 85, 503, 285, -339, -438, -21, 425, 363, -208, -494]"
"[-25, 15, 21, 10, -2, 8, 12, -23, -45, 79, 169, -3, -58, -228, -236, 206, 305, 99, -183, -388, -201, 1257, 2439, -1283, -2812, -764, 3773, -2031, -13225, 819, 14297, 9901, -5816, -10413, 4170, 5662, -2373, -5026, -511, 2330, 445, -202, -285, -244, 33, 642, 540, -448, -442, -170, -123, 1, -68, 556, 498, -344, -251, -142, -235, 81, 220, 228, 11, -171, 40, -10, -130, -3, 117, -14, -146, 55, 184, -52, -241, -25, 183, 198, 3, -233, -75, 147, 91, -132, -137, 80, 95, -8, -37, 25, 8, -42, 55, 102, 7, -228, -199, 119, 108, 172, 182, -144, -157, -110, -88, 143, 217, 0, -211, -74, 167, 104, 87, -71, -317, -347, -22, 669, 415, -360, -453, -82, 340, 358, -175, -405]"
"[-34, 10, 29, 27, 6, -9, -2, -23, -39, 76, 145, 17, -14, -218, -237, 166, 274, 88, -183, -369, -350, 1191, 2420, -787, -2137, -1068, 3504, -1986, -12910, -460, 12616, 11176, -4580, -10466, 3999, 6037, -1946, -5704, -1052, 2501, 691, -116, -319, -311, -27, 616, 574, -334, -394, -247, -139, -28, -123, 593, 557, -359, -317, -155, -207, 147, 269, 169, -77, -176, 102, 80, -116, -120, 34, 69, -36, 65, 156, -143, -309, 2, 204, 257, 32, -248, -59, 131, 62, -146, -127, 90, 81, -28, -76, 67, 105, -22, 13, 15, -22, -179, -178, 134, 124, 143, 141, -143, -124, -72, -106, 73, 202, 103, -124, -165, 40, 101, 171, 38, -266, -472, -151, 644, 422, -225, -349, -119, 299, 294, -200, -371]"
"[23, 6, -20, -29, -6, 45, 17, -27, -41, 85, 168, 1, -38, -224, -227, 168, 246, 92, -124, -367, -534, 1078, 2392, -362, -1655, -1249, 3212, -1719, -11656, -1548, 10199, 11134, -3591, -9501, 3900, 6270, -1242, -6224, -1689, 2439, 936, 109, -316, -491, -154, 609, 597, -170, -297, -348, -175, -16, -123, 536, 512, -345, -343, -104, -120, 166, 249, 89, -129, -124, 175, 71, -185, -152, 53, 134, 15, 35, 119, -181, -317, 24, 189, 265, 58, -231, -48, 117, 69, -156, -194, 56, 141, 101, -60, -91, 54, 76, 21, -51, -10, -70, -134, 9, 45, 211, 200, -149, -151, -80, -85, 64, 143, 128, -19, -143, -34, -6, 158, 166, -188, -553, -241, 661, 473, -204, -350, -110, 325, 231, -283, -340]"
"[48, -2, -34, -32, -4, 42, 14, -15, -25, 59, 122, 13, -4, -209, -250, 153, 283, 112, -111, -436, -840, 947, 2519, 459, -979, -1992, 2496, -1403, -10573, -2068, 8661, 10929, -3106, -9013, 3742, 6811, -429, -6751, -2358, 2263, 1079, 454, -178, -636, -279, 518, 569, -26, -226, -379, -144, 16, -95, 372, 307, -237, -142, -1, -142, -18, 149, 186, -46, -133, 129, 50, -188, -131, 69, 180, 71, -37, 25, -162, -246, 53, 176, 232, 39, -249, -61, 155, 112, -153, -240, -6, 153, 197, -15, -150, 0, 42, 20, 39, 54, -128, -210, -7, 79, 269, 214, -187, -154, -77, -90, 29, 82, 158, 70, -103, -98, -98, 161, 281, -109, -618, -324, 628, 473, -149, -333, -74, 385, 168, -355, -347]"
"[-12, -18, -9, 8, -10, 22, 33, -4, -39, 33, 116, 40, 18, -219, -259, 135, 251, 130, -22, -410, -1011, 693, 2448, 1007, -744, -2331, 2566, -786, -9748, -3315, 6932, 11173, -2291, -8683, 3171, 7204, 539, -6872, -2847, 1845, 1064, 746, -84, -698, -318, 481, 557, 28, -218, -418, -113, 96, -90, 232, 232, -109, -38, -74, -205, -3, 181, 161, -85, -155, 69, 126, -24, -132, -72, 95, 148, 42, -37, -200, -171, 83, 100, 172, 77, -162, -56, 89, 80, -113, -165, 9, 111, 97, -76, -63, 84, 62, 0, -44, 2, -58, -134, -16, 36, 232, 205, -159, -147, -68, -68, 19, 42, 136, 83, -23, -38, -200, 45, 350, 23, -631, -426, 558, 483, -42, -262, -141, 303, 176, -286, -325]"
"[-24, 22, 21, 6, -10, 6, 17, -10, -45, 45, 117, 42, 26, -202, -237, 111, 232, 127, 12, -404, -1154, 484, 2351, 1619, -416, -2857, 2607, 136, -8979, -5188, 4947, 12335, -658, -8954, 1778, 7341, 1611, -6323, -2945, 1142, 780, 968, 127, -674, -424, 359, 528, 159, -119, -469, -201, 86, -52, 273, 256, -116, -30, -129, -252, 11, 170, 178, -22, -134, -23, 63, 25, -7, -34, 25, 147, 14, -118, -155, -15, 69, -79, 84, 162, -4, -48, -35, 31, -40, -83, -2, 51, 39, -56, -5, 67, 15, -3, 6, 46, -103, -211, 9, 130, 237, 147, -207, -177, -14, 46, 37, -37, 6, 42, 126, 65, -288, -70, 387, 132, -586, -432, 448, 403, -12, -254, -94, 352, 181, -305, -366]"
"[-17, 41, 26, -4, -6, 1, 2, -9, -35, 55, 119, 40, 40, -213, -269, 109, 265, 150, 28, -421, -1244, 197, 1995, 2437, 515, -3613, 1653, 1062, -7181, -6441, 2638, 12504, 669, -8674, 660, 7447, 2625, -5898, -3087, 471, 434, 1234, 437, -573, -470, 140, 388, 235, 0, -389, -243, -14, 11, 355, 167, -259, 4, 72, -194, -160, 59, 227, 34, -77, -7, 6, 15, 22, -32, -39, 92, 100, -25, -191, -72, 58, -57, 81, 115, 4, -6, -14, 19, -47, -77, -7, 42, 57, -21, -23, 36, 17, 17, -27, -22, -53, -113, 3, 50, 194, 183, -133, -158, -74, 25, 55, -38, -24, -14, 181, 186, -284, -172, 312, 169, -494, -401, 405, 375, -58, -309, -22, 444, 193, -314, -444]"
"[11, 10, -6, -19, -15, 24, 24, 3, -38, 28, 106, 60, 51, -221, -263, 112, 240, 141, 70, -386, -1265, -16, 1690, 2934, 1343, -4089, 438, 1275, -5712, -6060, 1752, 11484, 793, -8162, 213, 7478, 3130, -5508, -2955, 29, 68, 1225, 585, -282, -312, -106, 107, 231, 156, -192, -220, -170, -23, 381, 136, -291, 31, 164, -194, -282, 31, 352, 71, -174, -33, 81, 55, -21, -56, -76, 38, 157, 18, -182, -19, 69, -92, -13, 72, 60, 35, -17, -25, -36, 9, -34, -88, 63, 108, 23, -52, -50, 62, 39, -15, -92, -140, -9, 58, 235, 192, -168, -172, -55, 21, 51, -16, -11, -21, 162, 193, -271, -186, 277, 156, -439, -377, 368, 369, -35, -309, -33, 462, 170, -371, -437]"
"[-5, -9, -6, 17, 6, 15, 21, -24, -71, 45, 132, 71, 44, -241, -268, 136, 259, 113, 50, -349, -1187, -249, 1100, 3454, 2719, -4286, -1016, 576, -5090, -4854, 1918, 10650, 619, -7811, 286, 7091, 2861, -5188, -2673, -20, -63, 1126, 561, -174, -213, -107, 60, 135, 125, -107, -165, -179, -24, 301, 37, -205, 180, 153, -305, -342, 71, 413, 18, -191, 56, 150, 46, -134, -109, -55, 38, 188, 11, -166, 59, 61, -161, -60, 81, 106, 37, -12, 6, -41, -18, -75, -106, 114, 145, 17, -52, -76, 36, 55, 5, -101, -169, 10, 117, 248, 171, -226, -190, -43, -12, 69, 24, 18, -34, 136, 227, -248, -214, 201, 115, -355, -320, 360, 380, -73, -371, -24, 496, 207, -341, -446]"
"[4, 6, -4, 4, 0, 15, 21, -10, -36, 49, 117, 5, -11, -181, -217, 132, 236, 115, 92, -320, -1023, -559, -3, 3816, 4656, -3610, -2353, -1370, -5253, -2841, 2868, 9657, -40, -7389, 881, 6593, 2189, -5035, -2384, 150, -60, 1011, 482, -148, -121, -53, 9, 4, 76, 27, -45, -188, -82, 162, -36, -42, 315, 69, -418, -350, 100, 450, 37, -170, 90, 95, -16, -126, -82, -40, 17, 192, 65, -125, 51, -57, -231, 32, 141, 71, -1, 24, 58, -62, -47, -75, -100, 91, 114, 43, -32, -72, 45, 82, 61, -149, -254, -32, 122, 325, 200, -253, -198, -43, -25, 65, 61, 35, -72, 87, 234, -185, -211, 140, 105, -297, -315, 342, 431, -67, -425, -71, 513, 249, -347, -469]"
"[-4, 26, 27, -20, -35, 8, 29, 13, -33, 26, 101, 36, 31, -207, -258, 126, 258, 132, 80, -318, -809, -712, -993, 3726, 5962, -2393, -2929, -3274, -5373, -1039, 3479, 8192, -811, -6387, 1668, 5882, 1415, -4821, -2044, 347, -33, 869, 389, -164, -104, 36, 39, -27, 81, 32, -10, -201, -152, 85, -53, 83, 368, 2, -453, -293, 147, 397, -26, -113, 195, 61, -107, -163, -69, 18, 59, 168, 40, -130, 44, -92, -258, 114, 219, 5, -108, 48, 175, -42, -141, -136, -40, 152, 77, -9, -48, -32, 109, 111, 28, -250, -272, 64, 145, 275, 197, -231, -228, -68, -11, 123, 96, 7, -85, 50, 193, -153, -158, 138, 53, -312, -278, 371, 405, -90, -390, -48, 491, 200, -372, -421]"
"[18, 5, -1, -29, -21, 33, 23, -10, -22, 53, 99, -9, 2, -162, -213, 118, 233, 101, 61, -263, -490, -808, -2028, 3205, 6785, -465, -2385, -5560, -6741, 295, 4625, 7924, -1106, -6352, 1785, 5307, 886, -4384, -1680, 425, -32, 726, 267, -174, -42, 169, 80, -164, -4, 93, 67, -192, -211, 20, -45, 182, 401, -75, -499, -255, 195, 375, -81, -100, 268, 70, -151, -219, -84, 65, 63, 159, 81, -119, -26, -144, -252, 212, 326, -21, -194, -49, 157, 45, -119, -114, 18, 117, 9, -43, -37, 40, 157, 66, -25, -268, -268, 92, 149, 282, 219, -249, -249, -59, -5, 114, 98, 31, -66, 6, 145, -125, -123, 139, 40, -313, -270, 400, 444, -150, -474, -38, 533, 263, -339, -478]"
"[14, -10, -22, 4, 6, 22, 17, -12, -36, 43, 114, 31, 34, -210, -264, 105, 228, 144, 99, -235, -220, -873, -2785, 2495, 6826, 1384, -1284, -6958, -7570, 700, 4888, 7626, -1268, -5959, 2085, 4876, 401, -4228, -1406, 601, -27, 572, 212, -163, -49, 205, 118, -168, -32, 79, 85, -176, -241, 21, 29, 185, 299, -128, -425, -148, 160, 287, -27, -15, 247, -59, -213, -120, -7, 46, 7, 142, 156, -99, -140, -212, -214, 338, 388, -57, -220, -122, 121, 87, -140, -107, 103, 160, -30, -149, -64, 102, 173, 60, -24, -288, -294, 128, 188, 267, 192, -241, -221, -68, -45, 124, 152, 54, -59, -63, 53, -96, -42, 182, 8, -376, -274, 454, 460, -177, -476, -14, 547, 225, -371, -453]"
"[-24, 28, 31, 10, -5, -12, -6, -10, -22, 61, 115, 12, 13, -199, -239, 130, 244, 108, 51, -226, 39, -744, -3154, 1490, 6117, 3165, 299, -7891, -8457, 871, 5308, 7287, -1655, -5722, 2347, 4717, 90, -4140, -1174, 702, -70, 436, 144, -131, -3, 304, 180, -309, -162, 134, 156, -166, -270, 40, 92, 174, 254, -189, -466, -79, 215, 284, -23, -27, 213, -99, -208, -48, 41, -1, -53, 118, 164, -36, -101, -223, -213, 270, 294, 28, -59, -145, -11, 21, -101, -14, 116, 125, -13, -158, -111, 100, 205, 71, -56, -284, -252, 164, 199, 183, 117, -195, -146, -60, -94, 83, 166, 100, -40, -104, 18, -68, 11, 170, -44, -401, -249, 501, 459, -216, -475, 11, 547, 211, -377, -442]"
"[1, 35, 25, -24, -37, 14, 41, 12, -35, 20, 111, 35, 16, -217, -262, 138, 261, 134, 55, -232, 219, -606, -3148, 529, 4735, 4416, 2406, -7777, -9596, -318, 5317, 8379, -1094, -6122, 2045, 4420, -123, -3887, -977, 766, -64, 344, 101, -127, -12, 312, 214, -272, -176, 62, 122, -101, -217, 42, 92, 124, 202, -167, -425, -49, 210, 240, -18, 27, 244, -186, -309, -5, 138, 73, -51, -18, 84, 44, -29, -215, -205, 204, 184, 60, 60, -68, -60, -75, -56, 39, 48, 74, 44, -90, -125, 27, 154, 103, -4, -226, -216, 82, 129, 207, 171, -183, -167, -93, -119, 86, 161, 172, 50, -174, -96, -77, 60, 248, -6, -461, -308, 487, 472, -169, -453, -24, 519, 223, -350, -447]"
"[1, 19, 16, -5, -18, 4, 18, -11, -51, 66, 157, 18, -15, -218, -226, 140, 235, 114, 34, -204, 378, -390, -2798, -462, 2760, 4959, 3954, -5706, -7462, -2735, 1852, 7500, -94, -3873, 2478, 3676, -239, -4032, -1053, 902, 12, 275, 35, -128, 6, 371, 274, -348, -288, 84, 200, -56, -243, -18, 73, 178, 252, -197, -484, -32, 281, 251, -63, -16, 245, -152, -328, -3, 195, 102, -85, -94, 54, 107, 29, -208, -204, 145, 109, 48, 78, 44, -4, -149, -57, 34, -37, 57, 139, -14, -155, -99, 89, 205, 88, -230, -244, 27, 93, 242, 220, -162, -196, -131, -80, 124, 91, 104, 103, -37, -64, -242, -67, 345, 124, -430, -341, 402, 459, -140, -493, -27, 575, 267, -375, -512]"
"[-22, 15, 18, 14, -8, 4, 30, -6, -54, 29, 114, 50, 35, -198, -235, 103, 230, 116, -3, -195, 431, -257, -2453, -885, 1651, 4837, 4170, -4233, -5339, -3351, -65, 5706, -79, -2183, 2713, 3359, -162, -4050, -1083, 1014, 130, 127, -86, -110, 41, 378, 252, -350, -300, 125, 275, -74, -294, -60, 38, 214, 315, -156, -496, -99, 276, 265, -62, -19, 201, -180, -301, 71, 186, 85, 19, -99, -84, -5, 56, -31, -136, 29, 27, 55, 109, 116, 34, -209, -76, 28, -89, 56, 166, 53, -95, -133, 33, 143, 35, -143, -129, 43, 57, 127, 142, -89, -131, -103, -48, 84, 28, 77, 133, 11, -64, -274, -81, 347, 123, -400, -316, 388, 465, -152, -533, -43, 604, 320, -361, -562]"
"[-32, 13, 25, 13, -10, -6, 20, 5, -45, 17, 105, 74, 63, -217, -267, 97, 245, 136, -33, -207, 461, 29, -1596, -1545, -384, 4258, 4883, -1832, -3676, -4858, -1725, 5296, 594, -1650, 2190, 3269, 270, -3987, -1333, 1010, 346, 157, -179, -221, 10, 431, 299, -330, -326, 76, 270, -31, -295, -83, 53, 273, 380, -245, -624, -97, 346, 349, -47, -107, 130, -131, -238, 84, 158, 64, 77, -94, -180, -75, 79, 142, -11, -96, -83, 27, 107, 157, 24, -219, -53, 103, -24, -39, 54, 63, -22, -86, 2, 88, 29, -98, -95, 23, 30, 127, 165, -80, -131, -129, -68, 94, 19, 85, 162, 56, -35, -349, -151, 373, 172, -391, -351, 372, 498, -121, -552, -78, 615, 334, -379, -557]"
"[29, 5, -16, -16, -1, 16, 10, -2, -30, 25, 87, 62, 71, -199, -256, 89, 231, 138, -37, -210, 318, 289, -318, -1647, -2087, 2331, 4211, 1108, -1501, -5652, -2694, 4656, 751, -1559, 1827, 3541, 666, -4123, -1597, 1036, 486, 253, -149, -310, -33, 403, 304, -285, -338, 31, 281, -3, -349, -80, 150, 332, 386, -357, -726, -94, 376, 453, 5, -181, 86, -100, -193, 31, 62, 108, 192, -59, -243, -172, 72, 233, 29, -131, -98, 7, 83, 181, 45, -212, -46, 102, -13, -80, -14, 96, 57, -61, -36, 11, -2, -24, -57, 17, 45, 110, 118, -97, -114, -80, -26, 61, -42, 40, 149, 159, 64, -408, -258, 336, 217, -294, -340, 278, 453, -38, -484, -143, 543, 365, -329, -567]"
"[-27, -18, 4, 42, 25, -19, -12, -6, -26, 44, 89, 46, 72, -185, -262, 78, 238, 141, -51, -214, 222, 365, 208, -1396, -2369, 1120, 3403, 2400, -448, -6186, -3339, 5123, 1512, -2345, 744, 4062, 1487, -4073, -1914, 827, 561, 416, -91, -414, -124, 376, 331, -187, -321, -60, 239, 39, -348, -16, 283, 259, 239, -421, -711, -8, 392, 461, 29, -212, 70, -55, -165, -67, -36, 200, 299, -47, -272, -261, 21, 307, 80, -146, -87, 13, 59, 121, 42, -156, -55, 89, 31, -68, -67, 62, 87, -4, -35, -44, -17, 12, -45, -5, 33, 114, 116, -75, -93, -89, -21, 55, -46, 12, 84, 194, 180, -384, -357, 255, 257, -194, -315, 195, 408, 0, -455, -179, 489, 420, -254, -576]"
"[-10, 33, 22, -23, -32, 26, 59, -2, -78, -13, 92, 126, 116, -240, -310, 85, 259, 162, -73, -241, 34, 467, 900, -874, -2383, -531, 2288, 3636, 264, -6786, -3840, 6219, 2573, -3438, -463, 4501, 2267, -3914, -2111, 537, 489, 569, 34, -434, -193, 293, 346, -67, -280, -206, 120, 128, -247, 25, 316, 172, 125, -424, -631, 79, 378, 373, 20, -172, 79, -68, -173, -74, -34, 206, 284, -40, -248, -248, 44, 301, 45, -206, -122, 130, 174, 32, -75, -120, 30, 67, -31, -63, -35, 53, 57, 9, -20, -35, 6, 9, -72, -42, 32, 176, 139, -127, -116, -51, 17, 33, -76, -25, 29, 247, 283, -359, -407, 185, 256, -154, -300, 183, 384, 12, -424, -212, 415, 472, -146, -585]"
"[4, 12, 4, -28, -35, 28, 50, 15, -48, -3, 84, 88, 87, -210, -268, 93, 234, 129, -72, -228, -151, 448, 1227, -193, -1671, -1817, 628, 3918, 1230, -6105, -4060, 5867, 2817, -3629, -1014, 4804, 2855, -3912, -2381, 314, 463, 762, 171, -446, -224, 179, 295, 14, -239, -255, 70, 170, -182, 45, 322, 92, 22, -380, -511, 119, 319, 311, 45, -174, 12, -54, -114, -19, -29, 113, 234, 24, -221, -255, 74, 307, 34, -263, -202, 170, 282, 64, -143, -178, 56, 77, -59, -24, 28, 6, -31, 22, 61, 9, -27, -50, -60, 0, 22, 123, 118, -61, -64, -89, -16, 27, -88, -45, -2, 299, 341, -350, -400, 145, 236, -148, -284, 160, 341, 32, -390, -217, 395, 486, -126, -591]"
"[-17, -32, -3, 39, 16, -21, -9, 13, -33, 30, 100, 76, 84, -213, -287, 78, 238, 171, -27, -277, -347, 370, 1311, 438, -789, -2563, -587, 3402, 1065, -4935, -3049, 5798, 2529, -4310, -1294, 5136, 3101, -3942, -2543, 215, 455, 923, 287, -482, -295, 114, 317, 113, -196, -372, -26, 212, -137, 98, 368, 11, -93, -306, -367, 100, 246, 289, 59, -185, -10, -43, -109, 0, -12, 102, 212, 17, -207, -225, 84, 265, 4, -223, -139, 142, 219, 51, -117, -140, 64, 49, -106, -22, 80, 66, -46, -96, 10, 128, 65, -93, -92, -48, -29, 155, 166, -42, -92, -109, -5, 59, -51, -46, -10, 231, 268, -291, -311, 162, 193, -201, -280, 196, 336, 38, -345, -225, 345, 450, -118, -553]"
"[-20, 60, 53, -10, -24, -9, 15, -3, -52, 44, 119, 62, 49, -222, -263, 118, 245, 130, -40, -281, -477, 277, 1256, 1065, 231, -3152, -1753, 2621, 633, -3497, -1654, 5454, 1775, -4593, -902, 5074, 2692, -3941, -2443, 332, 486, 929, 302, -508, -333, 110, 354, 139, -231, -408, -6, 277, -94, 29, 289, 1, -93, -216, -271, 32, 150, 279, 89, -149, -7, -45, -84, 13, -8, 47, 145, 43, -133, -177, 70, 179, -40, -167, -90, 125, 155, 51, -57, -94, 68, -7, -127, -21, 74, 89, -32, -119, 6, 164, 77, -155, -132, 13, 19, 128, 129, -36, -60, -109, -44, 45, -40, 9, 41, 208, 236, -326, -288, 170, 139, -240, -285, 270, 380, -1, -393, -183, 442, 411, -225, -578]"
"[41, 7, -32, -39, -8, 61, 37, -30, -61, 42, 113, 53, 37, -203, -243, 119, 243, 117, -38, -299, -565, 165, 976, 1583, 1381, -3305, -2773, 1610, 488, -2127, -884, 4633, 1103, -4016, -141, 4542, 2001, -3902, -2289, 540, 578, 902, 262, -559, -326, 142, 342, 113, -215, -366, -20, 241, -42, 58, 230, -81, -130, -123, -168, 45, 107, 186, 59, -68, 53, -84, -136, 3, 6, 72, 141, 25, -133, -131, 133, 110, -165, -150, 21, 205, 144, -68, -108, -40, 82, -6, -90, 1, 40, 18, -27, -49, -17, 118, 99, -90, -105, -52, -40, 147, 182, -12, -63, -158, -96, 57, -7, 39, 51, 196, 217, -357, -295, 219, 164, -253, -295, 255, 381, 2, -405, -164, 476, 384, -270, -574]"
"[-7, 8, 0, 5, 5, 18, 16, -25, -45, 56, 107, 21, 30, -175, -237, 98, 224, 131, -12, -280, -560, -5, 564, 1911, 2277, -3174, -3462, 802, 671, -1019, -591, 3538, 672, -3220, 228, 3891, 1529, -3550, -2017, 647, 663, 743, 93, -599, -296, 278, 397, 54, -229, -363, -64, 249, 78, 84, 118, -224, -181, 48, -25, 26, 40, 74, 12, 35, 128, -100, -159, -40, -26, 115, 205, 7, -192, -162, 124, 159, -135, -150, 48, 212, 105, -146, -116, 68, 128, -92, -154, 47, 99, 3, -73, -52, 27, 140, 80, -137, -128, -27, -42, 186, 256, -59, -170, -173, -59, 108, 12, 61, 97, 117, 105, -341, -219, 284, 171, -324, -347, 263, 402, 58, -357, -213, 406, 364, -262, -509]"
"[1, 38, 24, -28, -37, 6, 27, 16, -36, 25, 95, 48, 45, -196, -250, 102, 222, 135, 6, -274, -557, -128, 205, 2142, 2957, -2990, -3887, 323, 1054, -613, -997, 2957, 941, -2664, -69, 3343, 1518, -2992, -1733, 490, 518, 622, 118, -546, -356, 331, 490, 4, -275, -322, -59, 179, 81, 183, 128, -351, -229, 185, 77, -55, -43, 41, 16, 111, 145, -137, -150, -8, -22, 61, 170, 41, -166, -157, 129, 140, -174, -158, 72, 276, 133, -218, -129, 106, 98, -160, -157, 168, 186, -88, -189, -43, 101, 191, 80, -194, -159, -14, -25, 207, 267, -90, -194, -161, -58, 131, 75, 48, 49, 47, 44, -277, -135, 310, 128, -372, -315, 320, 408, -19, -399, -162, 439, 326, -294, -467]"
"[14, -13, -35, 7, 24, 30, 16, -22, -50, 27, 89, 52, 49, -181, -237, 103, 232, 113, -16, -262, -482, -249, -309, 2242, 3735, -2440, -4165, -671, 980, 180, -884, 2272, 695, -2059, 280, 2997, 1264, -2958, -1716, 535, 555, 673, 110, -611, -335, 376, 445, -30, -213, -275, -120, 126, 149, 251, 82, -454, -254, 275, 147, -60, -80, -34, -8, 179, 178, -132, -110, -59, -119, 71, 227, 76, -177, -152, 173, 98, -244, -158, 101, 320, 126, -242, -81, 130, 34, -243, -168, 287, 275, -141, -255, -73, 109, 222, 69, -202, -152, 22, 15, 167, 223, -99, -198, -139, -26, 140, 39, 8, 63, 95, 28, -303, -98, 345, 120, -427, -342, 342, 416, -21, -398, -138, 455, 302, -314, -464]"
"[-25, 26, 32, 21, -8, -13, 11, -6, -40, 39, 85, 41, 61, -184, -261, 90, 231, 138, 18, -261, -438, -352, -675, 2278, 4244, -2027, -4497, -1397, 1144, 1174, -512, 1126, -134, -1435, 903, 2976, 1066, -3107, -1760, 548, 525, 815, 272, -674, -473, 312, 491, 67, -205, -360, -160, 185, 192, 234, 81, -451, -261, 233, 108, -21, -61, -41, -15, 216, 224, -165, -163, -83, -105, 122, 254, 38, -209, -144, 181, 91, -253, -131, 118, 296, 134, -225, -91, 89, 11, -215, -164, 287, 298, -115, -249, -128, 74, 258, 101, -207, -166, 17, 25, 178, 228, -112, -216, -153, -43, 178, 102, 6, 31, 50, 10, -275, -85, 349, 124, -420, -316, 337, 379, -68, -407, -47, 534, 233, -398, -474]"
"[10, 13, 8, -24, -13, 28, 21, -30, -61, 65, 134, 34, 7, -213, -238, 145, 246, 106, 10, -241, -358, -459, -1066, 2309, 4680, -1610, -4346, -1961, 554, 1108, -336, 1735, 201, -1680, 769, 2720, 946, -2937, -1713, 497, 488, 857, 328, -639, -466, 237, 443, 106, -160, -345, -149, 120, 80, 286, 218, -396, -288, 136, 58, -14, -46, 31, 38, 172, 189, -209, -213, -31, -35, 121, 202, 21, -182, -131, 172, 115, -217, -181, 54, 323, 191, -214, -137, 66, 58, -185, -203, 244, 300, -61, -200, -138, 54, 201, 68, -173, -151, 24, 20, 160, 224, -72, -182, -182, -73, 176, 118, 5, 6, 39, 2, -244, -54, 358, 124, -456, -334, 341, 363, -52, -363, -38, 512, 199, -407, -455]"
"[-9, 12, 18, 8, -9, -15, -7, 11, -9, 57, 107, -7, -10, -176, -214, 143, 238, 92, -1, -216, -212, -517, -1528, 2102, 5017, -912, -4500, -2417, 1464, 1485, -1345, 429, 79, -377, 1220, 2500, 1009, -3113, -1899, 428, 439, 988, 471, -589, -509, 78, 375, 248, -41, -412, -229, 106, 69, 298, 246, -344, -258, 88, 7, -15, -6, 51, -18, 139, 235, -138, -211, -85, -22, 135, 163, 0, -153, -101, 163, 100, -215, -190, 54, 341, 178, -241, -149, 104, 102, -182, -220, 197, 294, -30, -219, -162, 65, 239, 68, -176, -110, 5, -34, 138, 210, -26, -108, -168, -95, 94, 63, 47, 38, 83, 65, -306, -164, 343, 181, -377, -328, 280, 349, -20, -363, -57, 520, 222, -391, -487]"
"[8, 24, 16, -21, -23, 16, 23, -11, -47, 60, 118, 13, 21, -159, -206, 72, 177, 124, 39, -185, -99, -565, -1884, 1838, 5143, -201, -4495, -2760, 2502, 1722, -2816, -1001, 403, 1495, 1634, 1626, 841, -2966, -1887, 331, 339, 1024, 514, -524, -455, 54, 335, 197, -63, -374, -200, 131, 84, 251, 181, -334, -184, 145, -12, -114, -33, 110, 22, 121, 184, -139, -153, -75, -99, 124, 248, 33, -228, -156, 202, 200, -163, -293, -43, 344, 201, -163, -101, 55, 78, -166, -196, 166, 235, -44, -210, -91, 116, 207, 39, -205, -124, 36, -8, 130, 192, -27, -105, -152, -54, 80, 1, 4, 48, 168, 122, -356, -229, 319, 178, -315, -278, 280, 366, -54, -393, -99, 479, 264, -361, -455]"
"[-22, 11, 24, 6, -14, 6, 22, -13, -56, 31, 95, 57, 60, -184, -244, 81, 218, 130, -5, -190, 113, -539, -2279, 1319, 4967, 820, -3882, -3370, 2244, 2266, -2214, -1809, -486, 1454, 1598, 2226, 1422, -2942, -2026, -120, 63, 1237, 755, -407, -464, -130, 218, 241, -14, -298, -138, 106, 50, 157, 108, -252, -95, 189, 10, -218, -124, 136, 62, 168, 196, -178, -175, -70, -81, 135, 225, -13, -252, -64, 289, 150, -212, -310, -33, 325, 128, -134, -15, 113, 77, -254, -248, 203, 269, -44, -222, -78, 141, 188, 5, -212, -110, 55, -11, 122, 196, -29, -104, -144, -35, 73, -26, -20, 15, 220, 231, -359, -336, 238, 195, -197, -193, 215, 256, -92, -362, -5, 527, 227, -407, -490]"
"[-13, -16, -7, 14, 3, 21, 37, -25, -72, 24, 102, 72, 68, -209, -277, 100, 256, 142, -55, -200, 381, -371, -2456, 440, 4191, 1982, -2482, -3690, 1156, 1660, -1822, -717, -91, 411, 742, 2646, 2045, -2617, -1951, -600, -329, 1261, 914, -121, -364, -361, 47, 313, 102, -258, -137, 67, 13, 93, 73, -154, -29, 150, -37, -221, -91, 152, 35, 148, 233, -157, -224, -95, -41, 170, 208, -28, -221, -80, 240, 151, -172, -266, -20, 244, 50, -96, 20, 143, 128, -246, -284, 114, 236, 44, -172, -119, 89, 217, 81, -199, -139, -17, -52, 169, 223, -18, -89, -142, -21, 35, -74, -41, -33, 289, 365, -318, -393, 96, 168, -99, -177, 169, 248, -39, -350, -69, 503, 295, -366, -521]"
"[-11, 18, 14, -7, -11, 20, 26, -18, -54, 41, 119, 56, 50, -227, -289, 118, 266, 145, -75, -198, 508, -230, -2401, -109, 3468, 2535, -1363, -3535, 269, 642, -1608, 899, 636, -1252, -699, 3444, 3023, -2200, -1808, -1139, -745, 1147, 939, 209, -161, -494, -148, 267, 221, -113, -124, -101, -99, 156, 124, -93, 42, 115, -113, -293, -97, 253, 64, 96, 238, -130, -250, -118, 21, 174, 103, -43, -131, -62, 150, 168, -56, -274, -96, 209, 65, -71, -7, 145, 174, -212, -294, 54, 231, 89, -151, -184, 15, 275, 176, -198, -201, -55, -2, 198, 144, -58, -34, -54, 4, -27, -92, -53, -85, 261, 396, -184, -331, -51, 69, -28, -101, 160, 215, -57, -344, -90, 447, 358, -256, -536]"
"[7, -15, -23, 10, 18, 25, 18, -33, -70, 45, 120, 66, 60, -206, -255, 96, 230, 124, -93, -168, 596, -101, -2289, -530, 2859, 2932, -278, -3271, -546, -914, -2228, 3204, 2694, -2870, -2993, 3441, 3984, -1094, -1455, -1707, -1055, 920, 846, 468, 53, -534, -290, 145, 218, 31, -68, -159, -124, 181, 166, -118, 1, 91, -112, -264, -73, 246, 39, 65, 230, -88, -238, -117, 46, 142, 67, -12, -118, -119, 107, 266, 27, -314, -114, 167, 22, -59, -10, 151, 196, -155, -280, -17, 228, 142, -155, -262, -27, 335, 219, -193, -203, -88, -5, 221, 133, -110, -79, 11, 67, 4, -46, -146, -231, 258, 491, -49, -316, -189, 27, 39, -62, 137, 180, -73, -340, -94, 395, 414, -152, -545]"
"[-44, -8, 22, 40, 9, -14, 2, -7, -43, 42, 106, 58, 56, -203, -264, 109, 255, 126, -118, -192, 625, 97, -1982, -1000, 2072, 3148, 362, -2768, -306, -1865, -3353, 3963, 4247, -3165, -4514, 3024, 4545, -143, -1051, -2054, -1288, 491, 550, 884, 477, -571, -499, -58, 162, 201, 69, -168, -194, 115, 168, -39, 90, 55, -196, -336, -76, 330, 73, 12, 178, -50, -165, -118, 2, 102, 96, 21, -162, -180, 100, 372, 121, -393, -252, 166, 151, 30, -72, -1, 156, -10, -174, -80, 144, 123, -99, -213, -73, 236, 181, -74, -125, -106, 4, 173, 79, -116, -69, 43, 71, 3, -19, -124, -218, 169, 376, 23, -182, -167, -42, -27, -36, 185, 173, -73, -289, -146, 274, 453, -24, -506]"
"[-24, 29, 37, 2, -22, -15, 18, 21, -32, 10, 76, 66, 91, -185, -287, 80, 269, 157, -134, -232, 595, 241, -1716, -1236, 1635, 3253, 691, -2823, -631, -1736, -3009, 4072, 4350, -3525, -5009, 2991, 4664, 243, -832, -2118, -1308, 333, 439, 889, 510, -473, -470, -144, 110, 255, 137, -202, -293, 125, 254, 12, 86, 12, -189, -370, -134, 375, 144, -22, 79, -21, -53, -90, -72, 27, 121, 119, -118, -280, 14, 419, 193, -397, -335, 145, 226, 135, -47, -149, 47, 66, -81, -62, 108, 63, -130, -143, 13, 186, 64, -56, -16, -63, -37, 114, 89, -102, -97, 31, 79, 31, -15, -113, -160, 152, 307, -40, -200, -68, 20, -60, -65, 181, 175, -86, -279, -130, 237, 413, -15, -437]"
"[-5, -11, -19, 12, -3, 19, 34, 8, -39, 8, 89, 64, 56, -201, -262, 109, 250, 124, -135, -199, 587, 290, -1550, -1368, 1326, 3404, 1149, -3233, -1684, -1138, -1576, 3976, 3374, -3764, -4384, 3046, 4215, 130, -759, -1999, -1257, 413, 500, 785, 431, -476, -450, -105, 101, 237, 169, -208, -384, 129, 360, 83, 74, -100, -252, -313, -86, 385, 160, -33, 59, -86, -132, -45, -12, 117, 193, 30, -198, -280, 45, 410, 149, -371, -303, 156, 265, 132, -76, -228, -16, 141, 1, -58, 77, 25, -132, -108, 52, 159, -8, -83, 14, 22, -9, 36, 50, -58, -66, 15, 75, 27, -36, -124, -152, 175, 307, -61, -212, -43, 50, -70, -82, 172, 198, -85, -328, -140, 281, 446, -30, -477]"
"[-17, -11, -7, 19, 19, 19, 4, -30, -40, 57, 108, 26, 21, -185, -232, 126, 249, 112, -128, -228, 488, 412, -1130, -1597, 523, 3454, 1812, -3175, -2266, -550, -333, 2886, 1541, -2988, -2612, 3031, 3284, -466, -767, -1616, -1098, 532, 559, 590, 289, -398, -319, -86, 41, 148, 143, -136, -362, 129, 398, 77, -5, -154, -218, -190, -47, 289, 135, 14, 74, -128, -138, -34, -71, 111, 274, 98, -224, -372, 42, 452, 116, -374, -230, 180, 208, 67, -70, -166, 16, 127, -6, -95, 22, 32, -87, -49, 47, 96, -12, -38, 40, 13, -22, -1, 31, -11, -29, -1, 51, -16, -93, -82, -80, 254, 373, -204, -357, -11, 126, -38, -139, 150, 240, -17, -291, -186, 271, 409, -83, -461]"
"[-2, 29, 20, -23, -30, 17, 30, 0, -34, 27, 74, 38, 53, -164, -230, 98, 244, 115, -144, -256, 403, 529, -658, -1714, -331, 3151, 2323, -2559, -2390, -381, 466, 1804, -140, -2089, -859, 3035, 2410, -1152, -825, -1170, -898, 600, 587, 403, 141, -337, -210, -34, -7, 87, 179, -83, -376, 65, 402, 101, -55, -171, -183, -119, -5, 212, 40, 52, 161, -114, -183, -80, -80, 173, 324, 50, -261, -347, 61, 399, 47, -309, -116, 180, 101, 0, 0, -47, 20, -13, -78, -16, 86, 48, -68, -113, -26, 127, 44, -36, -9, -19, -31, 75, 113, -39, -63, -64, -11, 21, -54, -39, -33, 263, 354, -322, -429, 111, 222, -68, -188, 116, 232, 9, -290, -151, 329, 366, -146, -465]"
"[-39, -20, -1, 43, 25, -1, 3, -22, -40, 54, 114, 35, 27, -196, -246, 122, 260, 112, -157, -250, 363, 560, -343, -1667, -833, 2624, 2377, -1690, -1916, -689, 236, 1155, -767, -1086, 329, 2642, 1672, -1505, -807, -881, -805, 699, 693, 213, -67, -281, -69, 46, -22, -17, 117, -25, -299, 53, 352, 99, -49, -218, -231, 11, 133, 118, -87, 39, 221, -68, -216, -123, -59, 229, 321, 3, -238, -302, 48, 304, -21, -195, 8, 101, -51, 35, 153, -11, -65, -106, -74, 65, 110, 38, -55, -151, -72, 148, 80, -32, -24, -22, -25, 83, 132, -53, -80, -83, -43, 24, -46, 0, 17, 265, 307, -391, -421, 198, 247, -135, -229, 158, 287, -26, -361, -118, 426, 352, -238, -501]"
"[-5, 56, 30, -40, -37, 32, 43, -14, -47, 40, 108, 23, 12, -192, -241, 142, 269, 108, -142, -253, 282, 557, -17, -1473, -1140, 1882, 2254, -875, -1855, -1155, 222, 1518, -735, -910, 878, 2262, 1075, -1650, -698, -636, -728, 663, 637, 157, -54, -208, -33, -12, -74, -19, 118, 9, -274, 73, 417, 30, -234, -238, -82, 167, 100, -29, -93, 116, 243, -101, -231, -136, -81, 252, 334, -4, -222, -268, 49, 230, -55, -117, 62, 46, -110, 50, 180, 17, -40, -137, -121, 66, 146, 74, -57, -199, -93, 178, 99, -48, -59, -10, 18, 108, 135, -91, -114, -93, -54, 83, 17, -11, 10, 203, 225, -345, -311, 227, 193, -222, -246, 225, 305, -50, -359, -84, 427, 286, -271, -433]"
"[11, 8, -14, -11, -3, 29, 29, -10, -41, 38, 114, 25, 4, -190, -228, 133, 242, 115, -116, -244, 219, 548, 219, -1257, -1179, 1198, 1923, -380, -2015, -1435, 493, 2355, -414, -1539, 732, 2244, 899, -1649, -584, -541, -788, 573, 646, 270, 10, -280, -90, -32, -92, 17, 140, 21, -245, 55, 370, 29, -165, -288, -259, 212, 290, 52, -160, -21, 208, -10, -154, -139, -83, 181, 256, 10, -149, -206, -2, 124, -74, 16, 153, -3, -154, -7, 134, 61, 0, -114, -131, 31, 133, 96, -40, -189, -84, 159, 83, -55, -57, 3, 13, 96, 142, -85, -113, -99, -70, 82, 35, 10, -10, 187, 239, -327, -295, 232, 190, -279, -280, 275, 330, -80, -389, -40, 498, 270, -317, -469]"
"[-21, -20, 4, 25, 5, 3, 10, -17, -52, 53, 122, 47, 29, -213, -256, 128, 246, 135, -102, -264, 103, 553, 464, -864, -849, 243, 719, 113, -1082, -975, 425, 1908, -509, -1677, 520, 2481, 1074, -1634, -554, -534, -772, 488, 588, 253, -13, -221, -51, -33, -72, -14, 77, 51, -179, 34, 323, 56, -119, -323, -296, 229, 304, 44, -178, -10, 237, -9, -182, -128, -49, 139, 177, 62, -56, -178, -3, 43, -130, 42, 176, 6, -133, 1, 114, 8, -33, -55, -62, 41, 126, 17, -116, -135, 3, 170, 38, -112, -72, 52, 61, 81, 89, -95, -94, -57, -35, 65, 49, -17, -77, 150, 264, -245, -298, 172, 186, -224, -247, 247, 303, -95, -386, -22, 497, 271, -313, -477]"
"[13, 48, 32, -33, -45, 9, 34, 16, -33, 18, 94, 52, 30, -208, -234, 149, 246, 94, -127, -250, 42, 524, 483, -427, -104, -390, -280, 10, -856, -865, 137, 2498, 210, -2016, 118, 2321, 994, -1481, -343, -432, -820, 273, 524, 386, 54, -278, -97, -25, -63, 0, 86, 42, -195, 23, 325, 112, -45, -375, -391, 178, 315, 146, -150, -74, 222, 43, -151, -172, -87, 128, 170, 103, -40, -183, 32, 40, -158, -1, 175, 31, -161, -6, 148, 50, -30, -112, -100, 64, 148, 39, -99, -162, -4, 177, 43, -139, -109, 89, 121, 82, 62, -130, -92, -39, -49, 40, 37, 2, -106, 161, 344, -198, -333, 69, 170, -147, -229, 207, 303, -61, -385, -89, 437, 359, -200, -501]"
"[28, 11, -20, -11, 3, 22, 12, -11, -36, 49, 109, 31, 35, -189, -247, 111, 236, 117, -128, -248, 8, 460, 305, -61, 809, -605, -1292, -523, -296, -301, -346, 2210, 558, -1946, -267, 2482, 1330, -1458, -345, -462, -816, 125, 347, 444, 199, -135, -59, -195, -179, 42, 178, 70, -275, -34, 345, 211, 39, -427, -479, 121, 343, 233, -154, -158, 194, 118, -94, -197, -115, 84, 118, 142, 17, -122, 81, -29, -228, -23, 189, 61, -211, -9, 224, 128, -5, -225, -196, 95, 221, 91, -109, -229, -40, 216, 87, -129, -140, 58, 132, 99, 31, -131, -55, -1, -23, -7, 5, 1, -115, 157, 365, -156, -342, 5, 150, -73, -177, 160, 246, -49, -320, -89, 357, 311, -190, -418]"
"[2, 7, -4, -2, -3, 23, 21, -17, -41, 44, 107, 34, 8, -194, -210, 159, 236, 63, -140, -235, 0, 409, 50, 83, 1432, -323, -1554, -1265, -333, 56, -595, 2053, 665, -1753, -260, 2643, 1523, -1697, -533, -378, -692, 110, 263, 417, 250, -81, -55, -276, -241, 95, 222, 78, -261, -58, 278, 220, 124, -382, -520, 40, 330, 298, -94, -199, 103, 104, -44, -125, -96, 18, 61, 165, 54, -113, 59, -29, -205, -18, 209, 52, -266, -53, 237, 212, 48, -273, -254, 57, 216, 152, -99, -235, 4, 235, 78, -208, -206, 82, 170, 179, 85, -214, -126, 6, -8, 28, 46, -14, -175, 113, 387, -68, -320, -65, 116, -61, -173, 197, 294, -87, -387, -114, 371, 394, -129, -469]"
"[-8, 1, -5, 11, 16, 16, 8, -33, -59, 58, 122, 52, 36, -205, -239, 118, 222, 100, -126, -230, 33, 335, -355, 137, 2131, 395, -1493, -2579, -859, 781, -437, 1623, 444, -1339, -17, 2645, 1544, -1850, -621, -344, -677, 126, 285, 438, 235, -112, -10, -241, -274, 1, 171, 189, -135, -131, 108, 223, 278, -281, -569, -105, 300, 378, -60, -199, 90, 73, -39, -93, -79, -22, 7, 146, 47, -28, 117, -43, -180, -52, 137, 19, -236, 3, 202, 178, 79, -187, -200, -38, 108, 174, -18, -169, 1, 146, 40, -172, -178, 88, 150, 150, 83, -178, -139, -9, 43, 72, 21, -113, -225, 197, 465, -73, -356, -127, 89, 7, -146, 187, 338, -77, -441, -193, 358, 485, -95, -500]"
"[15, 8, -5, -9, -9, 16, 18, -2, -36, 37, 114, 37, 9, -217, -244, 154, 246, 112, -100, -281, 26, 275, -750, 19, 2278, 1419, -416, -3305, -1508, 101, -1111, 1933, 775, -735, 266, 2367, 1425, -1958, -703, -288, -585, 185, 240, 318, 213, 10, 50, -283, -291, -18, 169, 200, -146, -154, 117, 246, 240, -300, -528, -56, 303, 315, -121, -156, 199, 89, -109, -182, -101, 60, 87, 122, -74, -83, 184, 106, -106, -180, 13, 15, -182, 98, 259, 90, -37, -192, -119, 49, 102, 67, -78, -102, 59, 171, 88, -208, -253, 18, 126, 239, 130, -165, -107, -51, -6, 61, 35, -90, -236, 180, 461, -29, -296, -172, 27, -20, -146, 231, 361, -84, -441, -198, 352, 468, -113, -489]"
"[-39, -5, 31, 37, -12, -23, 0, 13, 0, 66, 106, -36, -27, -152, -201, 133, 235, 100, -121, -267, 131, 279, -961, -337, 1815, 2174, 653, -3165, -1518, -707, -1702, 1876, 845, -469, 144, 2433, 1636, -1899, -742, -372, -603, 209, 283, 301, 135, 3, 116, -233, -294, -65, 138, 214, -89, -156, 31, 194, 264, -153, -400, -164, 167, 271, -86, -84, 146, 35, -83, -29, 17, -72, -9, 116, -101, -114, 181, 247, -23, -286, -50, 45, -164, 65, 204, 144, 58, -193, -182, -11, 122, 121, -90, -137, 69, 185, 57, -207, -203, 38, 113, 193, 102, -150, -101, -13, 40, 31, 1, -110, -261, 185, 483, 24, -265, -214, -6, -23, -149, 222, 334, -33, -357, -210, 309, 431, -108, -481]"
"[13, 33, 8, -29, -21, 26, 27, -6, -31, 34, 90, 22, 35, -171, -248, 93, 225, 141, -90, -251, 214, 244, -1064, -656, 1184, 2633, 1671, -2515, -1366, -2131, -2803, 2670, 2002, -690, -912, 2199, 2099, -1313, -617, -688, -800, 187, 388, 441, 139, -130, 56, -185, -249, -53, 80, 185, -21, -39, 95, 30, 106, -115, -313, -123, 125, 245, -53, -30, 206, -26, -183, -85, 26, 51, 72, 66, -161, -205, 102, 390, 129, -324, -147, 14, -78, 115, 166, 28, -13, -110, -107, 28, 121, 50, -108, -95, 78, 135, 11, -158, -131, 41, 66, 145, 104, -104, -80, -39, 6, 62, 91, -134, -370, 101, 482, 184, -173, -301, -62, -3, -123, 195, 301, -11, -343, -238, 260, 478, -33, -483]"
"[-9, -8, -3, 7, -7, 21, 24, -11, -35, 41, 101, 26, 33, -181, -237, 100, 216, 128, -89, -238, 293, 294, -1002, -1004, 466, 2758, 2251, -1497, -648, -3455, -4117, 3185, 3138, -737, -1877, 1906, 2491, -751, -494, -928, -847, 99, 274, 454, 166, -33, 135, -179, -252, -166, -9, 239, 61, -2, 43, -52, 124, -7, -266, -212, 45, 264, -4, -5, 171, -33, -132, -64, -18, 4, 116, 127, -202, -298, 116, 493, 127, -437, -182, 146, 0, -2, 71, 101, 71, -131, -148, 13, 121, 52, -118, -77, 91, 138, 17, -151, -116, 18, 33, 155, 137, -98, -96, -64, -5, 102, 138, -156, -411, 69, 457, 221, -153, -297, -34, 2, -146, 158, 316, 35, -328, -296, 209, 499, -16, -449]"
"[-31, 3, 4, 39, 37, 2, -12, -33, -30, 72, 109, 8, 32, -174, -257, 82, 230, 165, -94, -266, 324, 360, -887, -1164, 118, 2661, 2311, -1053, -318, -3676, -4404, 3134, 3385, -684, -2160, 1787, 2626, -540, -438, -1060, -942, 79, 279, 531, 223, -70, 88, -153, -187, -224, -97, 276, 107, -21, 22, 20, 234, -100, -436, -248, 79, 407, 94, -43, 134, -125, -201, -14, 52, 44, 76, 62, -164, -227, 95, 431, 153, -408, -221, 99, -13, 67, 135, 92, 43, -176, -151, 36, 114, 51, -93, -83, 47, 129, 35, -110, -84, 1, 12, 128, 123, -86, -93, -46, 6, 93, 139, -160, -433, 75, 503, 239, -194, -344, -28, 48, -144, 158, 333, 11, -351, -273, 232, 475, -39, -429]"
